0 89 -192 0 -186 262 0 -140 229 0 124 -217
0 92 -194 0 -180 258 0 -151 237 0 114 -210
0 97 -197 0 -172 253 0 -161 244 0 106 -204
0 103 -202 0 -163 246 0 -170 251 0 98 -199
0 112 -208 0 -153 239 0 -178 257 0 93 -195
0 121 -215 0 -143 231 0 -184 261 0 90 -192
0 132 -223 0 -132 223 0 -189 265 0 88 -191
0 142 -231 0 -122 216 0 -191 266 0 90 -192
0 153 -238 0 -112 209 0 -191 266 0 93 -194
0 163 -246 0 -104 202 0 -189 265 0 98 -198
0 172 -252 0 -97 197 0 -184 261 0 105 -204
0 180 -258 0 -92 194 0 -178 257 0 114 -210
0 186 -262 0 -89 192 0 -170 251 0 124 -217
0 189 -265 0 -89 191 0 -161 244 0 134 -225
0 191 -266 0 -90 192 0 -151 237 0 145 -233
0 191 -266 0 -94 195 0 -140 229 0 155 -240
0 188 -264 0 -100 199 0 -129 221 0 165 -247
0 183 -260 0 -107 205 0 -119 214 0 174 -254
0 176 -255 0 -116 212 0 -110 207 0 181 -259
0 168 -249 0 -126 219 0 -102 201 0 187 -263
0 158 -242 0 -137 227 0 -95 196 0 190 -265
0 148 -235 0 -148 234 0 -91 193 0 191 -266
0 137 -227 0 -158 242 0 -89 191 0 190 -266
0 127 -219 0 -168 249 0 -89 191 0 187 -263
0 117 -212 0 -176 255 0 -91 193 0 182 -259
0 108 -205 0 -183 260 0 -95 196 0 174 -254
0 100 -200 0 -188 264 0 -102 201 0 166 -248
0 94 -195 0 -191 266 0 -110 207 0 156 -241
0 90 -193 0 -191 266 0 -119 213 0 146 -233
0 89 -191 0 -190 265 0 -129 221 0 135 -225
0 89 -192 0 -186 262 0 -140 229 0 124 -217
0 92 -194 0 -180 258 0 -150 237 0 114 -210
0 97 -197 0 -173 253 0 -161 244 0 106 -204
0 103 -202 0 -164 246 0 -170 251 0 98 -199
0 112 -208 0 -154 239 0 -178 257 0 93 -195
0 121 -215 0 -143 231 0 -184 261 0 90 -192
0 132 -223 0 -132 223 0 -189 265 0 88 -191
0 142 -231 0 -122 216 0 -191 266 0 90 -192
0 153 -238 0 -112 209 0 -191 266 0 93 -194
0 163 -246 0 -104 202 0 -189 265 0 98 -198
0 172 -252 0 -97 197 0 -184 261 0 105 -204
0 180 -258 0 -92 194 0 -178 257 0 114 -210
0 186 -262 0 -89 192 0 -170 251 0 124 -217
0 189 -265 0 -89 191 0 -161 244 0 134 -225
0 191 -266 0 -90 192 0 -151 237 0 145 -232
0 191 -266 0 -94 195 0 -140 229 0 155 -240
0 188 -264 0 -100 199 0 -129 221 0 165 -247
0 183 -260 0 -107 205 0 -119 214 0 174 -254
0 176 -255 0 -116 211 0 -110 207 0 181 -259
0 168 -249 0 -126 219 0 -102 201 0 187 -263
0 158 -242 0 -137 227 0 -95 196 0 190 -265
0 148 -235 0 -147 234 0 -91 193 0 191 -266
0 137 -227 0 -158 242 0 -89 191 0 190 -266
0 127 -219 0 -167 249 0 -89 191 0 187 -263
0 117 -212 0 -176 255 0 -91 193 0 182 -259
0 108 -205 0 -183 260 0 -95 196 0 174 -254
0 100 -200 0 -188 264 0 -102 201 0 166 -248
0 94 -195 0 -191 266 0 -110 207 0 156 -241
0 90 -193 0 -191 266 0 -119 213 0 146 -233
0 89 -191 0 -190 265 0 -129 221 0 135 -225
0 89 -192 0 -186 262 0 -140 229 0 124 -217
0 92 -194 0 -180 258 0 -150 237 0 114 -210
0 97 -197 0 -173 253 0 -161 244 0 106 -204
0 103 -202 0 -164 246 0 -170 251 0 98 -199
0 112 -208 0 -154 239 0 -178 257 0 93 -195
0 121 -215 0 -143 231 0 -184 261 0 90 -192
0 132 -223 0 -132 223 0 -189 264 0 88 -191
0 142 -231 0 -122 216 0 -191 266 0 90 -192
0 153 -238 0 -112 209 0 -191 266 0 93 -194
0 163 -246 0 -104 202 0 -189 265 0 98 -198
0 172 -252 0 -97 197 0 -184 261 0 105 -203
0 180 -258 0 -92 194 0 -178 257 0 114 -210
0 186 -262 0 -89 192 0 -170 251 0 124 -217
0 189 -265 0 -88 191 0 -161 244 0 134 -225
0 191 -266 0 -90 192 0 -151 237 0 145 -232
0 191 -266 0 -94 195 0 -140 229 0 155 -240
0 188 -264 0 -100 199 0 -129 221 0 165 -247
0 183 -260 0 -107 205 0 -119 214 0 174 -254
0 176 -255 0 -116 211 0 -110 207 0 181 -259
0 168 -249 0 -126 219 0 -102 201 0 187 -263
0 159 -242 0 -137 226 0 -95 196 0 190 -265
0 148 -235 0 -147 234 0 -91 193 0 191 -266
0 137 -227 0 -158 242 0 -89 191 0 190 -266
0 127 -219 0 -167 249 0 -89 191 0 187 -263
0 117 -212 0 -176 255 0 -91 193 0 182 -259
0 108 -205 0 -183 260 0 -95 196 0 175 -254
0 100 -200 0 -188 264 0 -102 201 0 166 -248
0 94 -195 0 -191 266 0 -109 207 0 156 -241
0 90 -193 0 -191 266 0 -119 213 0 146 -233
0 89 -191 0 -190 265 0 -129 221 0 135 -225
0 89 -192 0 -186 262 0 -140 229 0 124 -217
0 92 -194 0 -180 258 0 -150 236 0 115 -210
0 97 -197 0 -173 253 0 -161 244 0 106 -204
0 103 -202 0 -164 246 0 -170 251 0 99 -199
0 112 -208 0 -154 239 0 -178 257 0 93 -195
0 121 -215 0 -143 231 0 -184 261 0 90 -192
0 132 -223 0 -132 223 0 -189 264 0 88 -191
0 142 -231 0 -122 216 0 -191 266 0 89 -192
0 153 -238 0 -112 209 0 -191 266 0 93 -194
0 163 -246 0 -104 203 0 -189 265 0 98 -198
0 172 -252 0 -97 198 0 -184 261 0 105 -203
0 180 -258 0 -92 194 0 -178 257 0 114 -210
0 185 -262 0 -89 192 0 -170 251 0 124 -217
0 189 -265 0 -88 191 0 -161 244 0 134 -225
0 191 -266 0 -90 192 0 -151 237 0 145 -232
0 191 -266 0 -94 195 0 -140 229 0 155 -240
0 188 -264 0 -100 199 0 -129 221 0 165 -247
0 183 -260 0 -107 205 0 -119 214 0 174 -254
0 176 -256 0 -116 211 0 -110 207 0 181 -259
0 168 -249 0 -126 219 0 -102 201 0 187 -263
0 159 -242 0 -137 226 0 -95 196 0 190 -265
0 148 -235 0 -147 234 0 -91 193 0 191 -266
0 137 -227 0 -158 242 0 -89 191 0 190 -266
0 127 -219 0 -167 249 0 -89 191 0 187 -263
0 117 -212 0 -176 255 0 -91 193 0 182 -259
0 108 -205 0 -183 260 0 -95 196 0 175 -254
0 100 -200 0 -188 264 0 -101 201 0 166 -248
0 94 -195 0 -191 266 0 -109 207 0 156 -241
0 90 -193 0 -191 266 0 -119 213 0 146 -233
0 89 -191 0 -190 265 0 -129 221 0 135 -225
0 89 -192 0 -186 262 0 -140 229 0 124 -218
0 92 -194 0 -180 258 0 -150 236 0 115 -210
0 97 -197 0 -173 253 0 -161 244 0 106 -204
0 103 -202 0 -164 246 0 -170 251 0 99 -199
0 112 -208 0 -154 239 0 -178 257 0 93 -195