512 665 215 512 695 316 512 665 283 512 707 228
512 611 307 512 690 319 512 626 306 512 699 282
512 616 306 512 686 316 512 612 307 512 704 296
512 620 306 512 677 324 512 605 308 512 704 305
512 624 306 512 665 338 512 602 309 512 703 311
512 638 286 512 663 337 512 602 309 512 700 316
512 658 267 512 660 328 512 603 309 512 697 319
512 677 264 512 651 315 512 606 308 512 694 321
512 695 275 512 633 307 512 610 307 512 691 319
512 703 292 512 616 306 512 615 306 512 688 316
512 704 303 512 607 308 512 619 306 512 680 321
512 703 310 512 603 309 512 623 306 512 669 333
512 701 315 512 602 309 512 633 293 512 663 338
512 698 319 512 602 309 512 652 270 512 661 332
512 694 321 512 605 308 512 671 264 512 654 319
512 691 320 512 608 307 512 690 270 512 640 308
512 689 317 512 613 307 512 702 289 512 619 306
512 683 319 512 618 306 512 704 300 512 609 307
512 673 329 512 622 306 512 704 308 512 604 309
512 663 339 512 629 299 512 702 313 512 602 309
512 662 335 512 645 276 512 699 318 512 602 309
512 657 322 512 666 264 512 695 320 512 604 309
512 645 311 512 685 267 512 692 320 512 607 308
512 623 306 512 700 285 512 689 318 512 612 307
512 611 307 512 704 297 512 685 317 512 617 306
512 605 308 512 704 306 512 676 325 512 621 306
512 602 309 512 702 312 512 663 340 512 625 305
512 602 309 512 700 316 512 663 337 512 640 283
512 603 309 512 696 320 512 659 326 512 661 266
512 606 308 512 693 321 512 649 314 512 680 265
512 610 307 512 690 319 512 630 306 512 697 278
512 615 306 512 688 315 512 614 306 512 703 294
512 620 306 512 679 322 512 606 308 512 704 304
512 623 306 512 667 335 512 603 309 512 703 310
512 635 290 512 663 337 512 602 309 512 701 315
512 655 268 512 660 330 512 602 309 512 697 319
512 674 264 512 652 317 512 605 308 512 694 321
512 692 273 512 637 307 512 609 307 512 691 320
512 702 290 512 617 306 512 614 306 512 688 316
512 704 301 512 608 308 512 619 306 512 682 320
512 704 309 512 603 309 512 622 306 512 671 331
512 701 314 512 602 309 512 631 296 512 663 338
512 698 318 512 602 309 512 649 273 512 662 333
512 695 320 512 604 309 512 669 264 512 655 321
512 692 320 512 608 308 512 688 269 512 642 309
512 689 317 512 613 307 512 701 287 512 621 306
512 684 318 512 617 306 512 704 299 512 610 307
512 674 327 512 621 306 512 704 307 512 604 309
512 663 339 512 627 302 512 702 313 512 602 309
512 662 336 512 642 280 512 699 317 512 602 309
512 658 324 512 663 265 512 696 320 512 603 309
512 647 312 512 682 266 512 693 320 512 607 308
512 626 306 512 699 281 512 690 318 512 611 307
512 613 307 512 704 296 512 687 316 512 616 306
512 605 308 512 704 305 512 678 324 512 620 306
512 602 309 512 703 311 512 665 338 512 624 306
512 602 309 512 700 316 512 663 337 512 637 287
512 603 309 512 697 319 512 660 328 512 658 267
512 605 308 512 694 321 512 651 315 512 677 264
512 610 307 512 691 319 512 633 307 512 695 275
512 615 306 512 688 316 512 616 306 512 703 292
512 619 306 512 680 321 512 607 308 512 704 303
512 623 306 512 669 333 512 603 309 512 703 310
512 633 293 512 663 338 512 602 309 512 701 315
512 652 270 512 661 332 512 602 309 512 698 319
512 672 264 512 654 319 512 605 308 512 695 321
512 690 270 512 639 308 512 608 308 512 691 320
512 702 289 512 619 306 512 613 307 512 689 317
512 704 300 512 609 307 512 618 306 512 683 319
512 704 308 512 604 309 512 622 306 512 673 329
512 702 313 512 602 309 512 629 299 512 663 339
512 699 318 512 602 309 512 645 276 512 662 335
512 695 320 512 604 309 512 666 264 512 657 322
512 692 320 512 607 308 512 685 267 512 645 311
512 689 318 512 612 307 512 700 285 512 623 306
512 686 317 512 617 306 512 704 297 512 611 307
512 676 325 512 621 306 512 704 306 512 605 308
512 663 340 512 625 305 512 702 312 512 602 309
512 663 337 512 640 283 512 700 316 512 602 309
512 659 326 512 661 266 512 696 320 512 603 309
512 649 314 512 680 265 512 693 321 512 606 308
512 630 306 512 697 278 512 690 319 512 610 307
512 614 306 512 703 294 512 688 315 512 615 306
512 606 308 512 704 304 512 679 322 512 620 306
512 603 309 512 703 310 512 667 335 512 623 306
512 602 309 512 701 315 512 663 337 512 635 290
512 602 309 512 697 319 512 660 330 512 655 268
512 605 308 512 694 321 512 652 317 512 674 264
512 609 307 512 691 320 512 637 307 512 692 273
512 614 306 512 688 316 512 617 306 512 702 290
512 619 306 512 682 320 512 608 308 512 704 301
512 622 306 512 671 331 512 603 309 512 704 309
512 631 296 512 663 338 512 602 309 512 701 314
512 649 273 512 662 333 512 602 309 512 698 318
512 669 264 512 655 321 512 604 309 512 695 320
512 688 269 512 642 309 512 608 308 512 692 320
512 701 287 512 621 306 512 613 307 512 689 317
512 704 299 512 610 307 512 617 306 512 684 318
512 704 307 512 604 309 512 621 306 512 674 327
512 702 313 512 602 309 512 627 302 512 663 339
512 699 317 512 602 309 512 642 280 512 662 336
512 696 320 512 603 309 512 663 265 512 658 324
512 693 320 512 607 308 512 682 266 512 647 312
512 690 318 512 611 307 512 699 281 512 626 306
512 687 316 512 616 306 512 704 296 512 613 307
512 678 323 512 620 306 512 704 305 512 605 308
512 665 338 512 624 306 512 703 311 512 602 309
512 663 337 512 637 287 512 700 316 512 602 309
512 660 328 512 658 267 512 697 319 512 603 309
512 651 315 512 677 264 512 694 321 512 605 308
512 633 307 512 695 275 512 691 319 512 610 307
512 616 306 512 703 292 512 688 316 512 615 306
512 607 308 512 704 303 512 680 321 512 619 306
512 603 309 512 703 310 512 669 333 512 623 306
512 602 309 512 701 315 512 663 338 512 633 293
512 602 309 512 698 319 512 661 332 512 652 270
512 605 308 512 695 321 512 654 319 512 672 264
512 608 308 512 691 320 512 639 308 512 690 270
512 613 307 512 689 317 512 619 306 512 702 289
512 618 306 512 683 318 512 609 307 512 704 300
512 622 306 512 673 329 512 604 309 512 704 308
512 629 299 512 663 339 512 602 309 512 702 313
512 645 276 512 662 335 512 602 309 512 699 318
512 666 264 512 657 322 512 604 309 512 695 320
512 685 267 512 645 311 512 607 308 512 692 320
512 700 285 512 623 306 512 612 307 512 690 318
512 704 297 512 611 307 512 617 306 512 686 317
512 704 306 512 605 308 512 621 306 512 676 325
512 702 312 512 602 309 512 624 305 512 663 340
512 700 316 512 602 309 512 640 283 512 663 337
512 696 320 512 603 309 512 661 266 512 659 326
512 693 321 512 606 308 512 680 265 512 649 314
512 690 319 512 610 307 512 697 278 512 630 306
512 688 315 512 615 306 512 703 294 512 614 306
512 679 322 512 620 306 512 704 304 512 606 308
512 667 335 512 623 306 512 703 310 512 603 309
512 663 337 512 635 290 512 701 315 512 602 309
