-34 105 -135 -34 -57 158 -34 -18 169 -34 96 -146
-34 104 -135 -34 -57 158 -34 -19 169 -34 96 -146
-34 103 -135 -34 -58 158 -34 -19 169 -34 97 -146
-34 102 -136 -34 -58 157 -34 -19 169 -34 97 -146
-34 101 -136 -34 -59 157 -34 -20 169 -34 97 -146
-34 100 -136 -34 -59 157 -34 -20 169 -34 98 -146
-34 100 -137 -34 -59 157 -34 -21 169 -34 98 -145
-34 99 -137 -34 -60 157 -34 -21 169 -34 99 -145
-34 98 -137 -34 -60 157 -34 -21 168 -34 99 -145
-34 97 -138 -34 -60 157 -34 -22 168 -34 99 -145
-34 96 -138 -34 -61 157 -34 -22 168 -34 100 -145
-34 95 -138 -34 -61 156 -34 -22 168 -34 100 -145
-34 94 -139 -34 -62 156 -34 -23 168 -34 100 -145
-34 93 -139 -34 -62 156 -34 -23 168 -34 101 -145
-34 93 -139 -34 -62 156 -34 -24 168 -34 101 -145
-34 92 -140 -34 -63 156 -34 -24 168 -34 102 -144
-34 91 -140 -34 -63 156 -34 -24 167 -34 102 -144
-34 90 -140 -34 -64 156 -34 -25 167 -34 102 -144
-34 89 -141 -34 -64 156 -34 -25 167 -34 103 -144
-34 88 -141 -34 -64 156 -34 -26 167 -34 103 -144
-34 87 -142 -34 -65 155 -34 -26 167 -34 104 -144
-34 87 -142 -34 -65 155 -34 -26 167 -34 104 -144
-34 86 -142 -34 -66 155 -34 -27 167 -34 104 -144
-34 85 -143 -34 -66 155 -34 -27 167 -34 105 -143
-34 84 -143 -34 -66 155 -34 -28 167 -34 105 -143
-34 83 -143 -34 -67 155 -34 -28 166 -34 105 -143
-34 82 -144 -34 -67 155 -34 -28 166 -34 106 -143
-34 81 -144 -34 -67 155 -34 -29 166 -34 106 -143
-34 80 -144 -34 -68 154 -34 -29 166 -34 107 -143
-34 80 -145 -34 -68 154 -34 -29 166 -34 107 -143
-34 79 -145 -34 -69 154 -34 -30 166 -34 107 -143
-34 78 -145 -34 -69 154 -34 -30 166 -34 108 -143
-34 77 -146 -34 -69 154 -34 -31 166 -34 108 -142
-34 76 -146 -34 -70 154 -34 -31 165 -34 109 -142
-34 75 -146 -34 -70 154 -34 -31 165 -34 109 -142
-34 74 -147 -34 -71 154 -34 -32 165 -34 109 -142
-34 74 -147 -34 -71 154 -34 -32 165 -34 110 -142
-34 73 -147 -34 -71 153 -34 -33 165 -34 110 -142
-34 72 -148 -34 -72 153 -34 -33 165 -34 111 -142
-34 71 -148 -34 -72 153 -34 -33 165 -34 111 -142
-34 70 -148 -34 -73 153 -34 -34 165 -34 111 -142
-34 69 -149 -34 -73 153 -34 -34 165 -34 112 -141
-34 68 -149 -34 -73 153 -34 -34 164 -34 112 -141
-34 68 -150 -34 -74 153 -34 -35 164 -34 112 -141
-34 67 -150 -34 -74 153 -34 -35 164 -34 113 -141
-34 66 -150 -34 -74 153 -34 -36 164 -34 113 -141
-34 65 -151 -34 -75 152 -34 -36 164 -34 114 -141
-34 64 -151 -34 -75 152 -34 -36 164 -34 114 -141
-34 63 -151 -34 -76 152 -34 -37 164 -34 114 -141
-34 62 -152 -34 -76 152 -34 -37 164 -34 115 -140
-34 61 -152 -34 -76 152 -34 -38 164 -34 115 -140
-34 61 -152 -34 -77 152 -34 -38 163 -34 116 -140
-34 60 -153 -34 -77 152 -34 -38 163 -34 116 -140
-34 59 -153 -34 -78 152 -34 -39 163 -34 116 -140
-34 58 -153 -34 -78 151 -34 -39 163 -34 117 -140
-34 57 -154 -34 -78 151 -34 -40 163 -34 117 -140
-34 56 -154 -34 -79 151 -34 -40 163 -34 118 -140
-34 55 -154 -34 -79 151 -34 -40 163 -34 118 -140
-34 55 -155 -34 -79 151 -34 -41 163 -34 118 -139
-34 54 -155 -34 -80 151 -34 -41 162 -34 119 -139
-34 53 -155 -34 -80 151 -34 -41 162 -34 119 -139
-34 52 -156 -34 -81 151 -34 -42 162 -34 119 -139
-34 51 -156 -34 -81 151 -34 -42 162 -34 120 -139
-34 50 -156 -34 -81 150 -34 -43 162 -34 120 -139
-34 49 -157 -34 -82 150 -34 -43 162 -34 121 -139
-34 48 -157 -34 -82 150 -34 -43 162 -34 121 -139
-34 48 -158 -34 -83 150 -34 -44 162 -34 121 -139
-34 47 -158 -34 -83 150 -34 -44 162 -34 122 -138
-34 46 -158 -34 -83 150 -34 -45 161 -34 122 -138
-34 45 -159 -34 -84 150 -34 -45 161 -34 123 -138
-34 44 -159 -34 -84 150 -34 -45 161 -34 123 -138
-34 43 -159 -34 -85 150 -34 -46 161 -34 123 -138
-34 42 -160 -34 -85 149 -34 -46 161 -34 124 -138
-34 42 -160 -34 -85 149 -34 -47 161 -34 124 -138
-34 41 -160 -34 -86 149 -34 -47 161 -34 124 -138
-34 40 -161 -34 -86 149 -34 -47 161 -34 125 -137
-34 39 -161 -34 -86 149 -34 -48 161 -34 125 -137
-34 38 -161 -34 -87 149 -34 -48 160 -34 126 -137
-34 37 -162 -34 -87 149 -34 -48 160 -34 126 -137
-34 36 -162 -34 -88 149 -34 -49 160 -34 126 -137
-34 35 -162 -34 -88 148 -34 -49 160 -34 127 -137
-34 35 -163 -34 -88 148 -34 -50 160 -34 127 -137
-34 34 -163 -34 -89 148 -34 -50 160 -34 128 -137
-34 33 -163 -34 -89 148 -34 -50 160 -34 128 -137
-34 32 -164 -34 -90 148 -34 -51 160 -34 128 -136
-34 31 -164 -34 -90 148 -34 -51 159 -34 129 -136
-34 30 -164 -34 -90 148 -34 -52 159 -34 129 -136
-34 29 -165 -34 -91 148 -34 -52 159 -34 130 -136
-34 29 -165 -34 -91 148 -34 -52 159 -34 130 -136
-34 28 -165 -34 -92 147 -34 -53 159 -34 130 -136
-34 27 -166 -34 -92 147 -34 -53 159 -34 131 -136
-34 26 -166 -34 -92 147 -34 -53 159 -34 131 -136
-34 25 -167 -34 -93 147 -34 -54 159 -34 131 -136
-34 24 -167 -34 -93 147 -34 -54 159 -34 132 -135
-34 23 -167 -34 -93 147 -34 -55 158 -34 132 -135
-34 23 -168 -34 -94 147 -34 -55 158 -34 133 -135
-34 22 -168 -34 -94 147 -34 -55 158 -34 133 -135
-34 21 -168 -34 -95 147 -34 -56 158 -34 133 -135
-34 20 -169 -34 -95 146 -34 -56 158 -34 134 -135
-34 19 -169 -34 -95 146 -34 -57 158 -34 134 -135
-34 18 -169 -34 -96 146 -34 -57 158 -34 105 -135
-34 19 -169 -34 -96 146 -34 -57 158 -34 104 -135
-34 19 -169 -34 -97 146 -34 -58 158 -34 103 -135
-34 19 -169 -34 -97 146 -34 -58 157 -34 102 -136
-34 20 -169 -34 -97 146 -34 -59 157 -34 101 -136
-34 20 -169 -34 -98 146 -34 -59 157 -34 100 -136
-34 21 -169 -34 -98 145 -34 -59 157 -34 100 -137
-34 21 -169 -34 -99 145 -34 -60 157 -34 99 -137
-34 21 -168 -34 -99 145 -34 -60 157 -34 98 -137
-34 22 -168 -34 -99 145 -34 -60 157 -34 97 -138
-34 22 -168 -34 -100 145 -34 -61 157 -34 96 -138
-34 22 -168 -34 -100 145 -34 -61 156 -34 95 -138
-34 23 -168 -34 -100 145 -34 -62 156 -34 94 -139
-34 23 -168 -34 -101 145 -34 -62 156 -34 93 -139
-34 24 -168 -34 -101 145 -34 -62 156 -34 93 -139
-34 24 -168 -34 -102 144 -34 -63 156 -34 92 -140
-34 24 -167 -34 -102 144 -34 -63 156 -34 91 -140
-34 25 -167 -34 -102 144 -34 -64 156 -34 90 -140
-34 25 -167 -34 -103 144 -34 -64 156 -34 89 -141
-34 26 -167 -34 -103 144 -34 -64 156 -34 88 -141
-34 26 -167 -34 -104 144 -34 -65 155 -34 87 -142
-34 26 -167 -34 -104 144 -34 -65 155 -34 87 -142
-34 27 -167 -34 -104 144 -34 -66 155 -34 86 -142
-34 27 -167 -34 -105 143 -34 -66 155 -34 85 -143
-34 28 -167 -34 -105 143 -34 -66 155 -34 84 -143
-34 28 -166 -34 -105 143 -34 -67 155 -34 83 -143
-34 28 -166 -34 -106 143 -34 -67 155 -34 82 -144
-34 29 -166 -34 -106 143 -34 -67 155 -34 81 -144
-34 29 -166 -34 -107 143 -34 -68 154 -34 80 -144
-34 29 -166 -34 -107 143 -34 -68 154 -34 80 -145
-34 30 -166 -34 -107 143 -34 -69 154 -34 79 -145
-34 30 -166 -34 -108 143 -34 -69 154 -34 78 -145
-34 31 -166 -34 -108 142 -34 -69 154 -34 77 -146
-34 31 -165 -34 -109 142 -34 -70 154 -34 76 -146
-34 31 -165 -34 -109 142 -34 -70 154 -34 75 -146
-34 32 -165 -34 -109 142 -34 -71 154 -34 74 -147
-34 32 -165 -34 -110 142 -34 -71 154 -34 74 -147
-34 33 -165 -34 -110 142 -34 -71 153 -34 73 -147
-34 33 -165 -34 -111 142 -34 -72 153 -34 72 -148
-34 33 -165 -34 -111 142 -34 -72 153 -34 71 -148
-34 34 -165 -34 -111 142 -34 -73 153 -34 70 -148
-34 34 -165 -34 -112 141 -34 -73 153 -34 69 -149
-34 34 -164 -34 -112 141 -34 -73 153 -34 68 -149
-34 35 -164 -34 -112 141 -34 -74 153 -34 68 -150
-34 35 -164 -34 -113 141 -34 -74 153 -34 67 -150
-34 36 -164 -34 -113 141 -34 -74 153 -34 66 -150
-34 36 -164 -34 -114 141 -34 -75 152 -34 65 -151
-34 36 -164 -34 -114 141 -34 -75 152 -34 64 -151
-34 37 -164 -34 -114 141 -34 -76 152 -34 63 -151
-34 37 -164 -34 -115 140 -34 -76 152 -34 62 -152
-34 38 -164 -34 -115 140 -34 -76 152 -34 61 -152
-34 38 -163 -34 -116 140 -34 -77 152 -34 61 -152
-34 38 -163 -34 -116 140 -34 -77 152 -34 60 -153
-34 39 -163 -34 -116 140 -34 -78 152 -34 59 -153
-34 39 -163 -34 -117 140 -34 -78 151 -34 58 -153
-34 40 -163 -34 -117 140 -34 -78 151 -34 57 -154
-34 40 -163 -34 -118 140 -34 -79 151 -34 56 -154
-34 40 -163 -34 -118 140 -34 -79 151 -34 55 -154
-34 41 -163 -34 -118 139 -34 -79 151 -34 55 -155
-34 41 -162 -34 -119 139 -34 -80 151 -34 54 -155
-34 41 -162 -34 -119 139 -34 -80 151 -34 53 -155
-34 42 -162 -34 -119 139 -34 -81 151 -34 52 -156
-34 42 -162 -34 -120 139 -34 -81 151 -34 51 -156
-34 43 -162 -34 -120 139 -34 -81 150 -34 50 -156
-34 43 -162 -34 -121 139 -34 -82 150 -34 49 -157
-34 43 -162 -34 -121 139 -34 -82 150 -34 48 -157
-34 44 -162 -34 -121 139 -34 -83 150 -34 48 -158
-34 44 -162 -34 -122 138 -34 -83 150 -34 47 -158
-34 45 -161 -34 -122 138 -34 -83 150 -34 46 -158
-34 45 -161 -34 -123 138 -34 -84 150 -34 45 -159
-34 45 -161 -34 -123 138 -34 -84 150 -34 44 -159
-34 46 -161 -34 -123 138 -34 -85 150 -34 43 -159
-34 46 -161 -34 -124 138 -34 -85 149 -34 42 -160
-34 47 -161 -34 -124 138 -34 -85 149 -34 42 -160
-34 47 -161 -34 -124 138 -34 -86 149 -34 41 -160
-34 47 -161 -34 -125 137 -34 -86 149 -34 40 -161
-34 48 -161 -34 -125 137 -34 -86 149 -34 39 -161
-34 48 -160 -34 -126 137 -34 -87 149 -34 38 -161
-34 48 -160 -34 -126 137 -34 -87 149 -34 37 -162
-34 49 -160 -34 -126 137 -34 -88 149 -34 36 -162
-34 49 -160 -34 -127 137 -34 -88 148 -34 35 -162
-34 50 -160 -34 -127 137 -34 -88 148 -34 35 -163
-34 50 -160 -34 -128 137 -34 -89 148 -34 34 -163
-34 50 -160 -34 -128 137 -34 -89 148 -34 33 -163
-34 51 -160 -34 -128 136 -34 -90 148 -34 32 -164
-34 51 -159 -34 -129 136 -34 -90 148 -34 31 -164
-34 52 -159 -34 -129 136 -34 -90 148 -34 30 -164
-34 52 -159 -34 -130 136 -34 -91 148 -34 29 -165
-34 52 -159 -34 -130 136 -34 -91 148 -34 29 -165
-34 53 -159 -34 -130 136 -34 -92 147 -34 28 -165
-34 53 -159 -34 -131 136 -34 -92 147 -34 27 -166
-34 53 -159 -34 -131 136 -34 -92 147 -34 26 -166
-34 54 -159 -34 -131 136 -34 -93 147 -34 25 -167
-34 54 -159 -34 -132 135 -34 -93 147 -34 24 -167
-34 55 -158 -34 -132 135 -34 -93 147 -34 23 -167
-34 55 -158 -34 -133 135 -34 -94 147 -34 23 -168
-34 55 -158 -34 -133 135 -34 -94 147 -34 22 -168
-34 56 -158 -34 -133 135 -34 -95 147 -34 21 -168
-34 56 -158 -34 -134 135 -34 -95 146 -34 20 -169
-34 57 -158 -34 -134 135 -34 -95 146 -34 19 -169
34 57 -158 34 -105 135 34 -96 146 34 18 -169
34 57 -158 34 -104 135 34 -96 146 34 19 -169
34 58 -158 34 -103 135 34 -97 146 34 19 -169
34 58 -157 34 -102 136 34 -97 146 34 19 -169
34 59 -157 34 -101 136 34 -97 146 34 20 -169
34 59 -157 34 -100 136 34 -98 146 34 20 -169
34 59 -157 34 -100 137 34 -98 145 34 21 -169
34 60 -157 34 -99 137 34 -99 145 34 21 -169
34 60 -157 34 -98 137 34 -99 145 34 21 -168
34 60 -157 34 -97 138 34 -99 145 34 22 -168
34 61 -157 34 -96 138 34 -100 145 34 22 -168
34 61 -156 34 -95 138 34 -100 145 34 22 -168
34 62 -156 34 -94 139 34 -100 145 34 23 -168
34 62 -156 34 -93 139 34 -101 145 34 23 -168
34 62 -156 34 -93 139 34 -101 145 34 24 -168
34 63 -156 34 -92 140 34 -102 144 34 24 -168
34 63 -156 34 -91 140 34 -102 144 34 24 -167
34 64 -156 34 -90 140 34 -102 144 34 25 -167
34 64 -156 34 -89 141 34 -103 144 34 25 -167
34 64 -156 34 -88 141 34 -103 144 34 26 -167
34 65 -155 34 -87 142 34 -104 144 34 26 -167
34 65 -155 34 -87 142 34 -104 144 34 26 -167
34 66 -155 34 -86 142 34 -104 144 34 27 -167
34 66 -155 34 -85 143 34 -105 143 34 27 -167
34 66 -155 34 -84 143 34 -105 143 34 28 -167
34 67 -155 34 -83 143 34 -105 143 34 28 -166
34 67 -155 34 -82 144 34 -106 143 34 28 -166
34 67 -155 34 -81 144 34 -106 143 34 29 -166
34 68 -154 34 -80 144 34 -107 143 34 29 -166
34 68 -154 34 -80 145 34 -107 143 34 29 -166
34 69 -154 34 -79 145 34 -107 143 34 30 -166
34 69 -154 34 -78 145 34 -108 143 34 30 -166
34 69 -154 34 -77 146 34 -108 142 34 31 -166
34 70 -154 34 -76 146 34 -109 142 34 31 -165
34 70 -154 34 -75 146 34 -109 142 34 31 -165
34 71 -154 34 -74 147 34 -109 142 34 32 -165
34 71 -154 34 -74 147 34 -110 142 34 32 -165
34 71 -153 34 -73 147 34 -110 142 34 33 -165
34 72 -153 34 -72 148 34 -111 142 34 33 -165
34 72 -153 34 -71 148 34 -111 142 34 33 -165
34 73 -153 34 -70 148 34 -111 142 34 34 -165
34 73 -153 34 -69 149 34 -112 141 34 34 -165
34 73 -153 34 -68 149 34 -112 141 34 34 -164
34 74 -153 34 -68 150 34 -112 141 34 35 -164
34 74 -153 34 -67 150 34 -113 141 34 35 -164
34 74 -153 34 -66 150 34 -113 141 34 36 -164
34 75 -152 34 -65 151 34 -114 141 34 36 -164
34 75 -152 34 -64 151 34 -114 141 34 36 -164
34 76 -152 34 -63 151 34 -114 141 34 37 -164
34 76 -152 34 -62 152 34 -115 140 34 37 -164
34 76 -152 34 -61 152 34 -115 140 34 38 -164
34 77 -152 34 -61 152 34 -116 140 34 38 -163
34 77 -152 34 -60 153 34 -116 140 34 38 -163
34 78 -152 34 -59 153 34 -116 140 34 39 -163
34 78 -151 34 -58 153 34 -117 140 34 39 -163
34 78 -151 34 -57 154 34 -117 140 34 40 -163
34 79 -151 34 -56 154 34 -118 140 34 40 -163
34 79 -151 34 -55 154 34 -118 140 34 40 -163
34 79 -151 34 -55 155 34 -118 139 34 41 -163
34 80 -151 34 -54 155 34 -119 139 34 41 -162
34 80 -151 34 -53 155 34 -119 139 34 41 -162
34 81 -151 34 -52 156 34 -119 139 34 42 -162
34 81 -151 34 -51 156 34 -120 139 34 42 -162
34 81 -150 34 -50 156 34 -120 139 34 43 -162
34 82 -150 34 -49 157 34 -121 139 34 43 -162
34 82 -150 34 -48 157 34 -121 139 34 43 -162
34 83 -150 34 -48 158 34 -121 139 34 44 -162
34 83 -150 34 -47 158 34 -122 138 34 44 -162
34 83 -150 34 -46 158 34 -122 138 34 45 -161
34 84 -150 34 -45 159 34 -123 138 34 45 -161
34 84 -150 34 -44 159 34 -123 138 34 45 -161
34 85 -150 34 -43 159 34 -123 138 34 46 -161
34 85 -149 34 -42 160 34 -124 138 34 46 -161
34 85 -149 34 -42 160 34 -124 138 34 47 -161
34 86 -149 34 -41 160 34 -124 138 34 47 -161
34 86 -149 34 -40 161 34 -125 137 34 47 -161
34 86 -149 34 -39 161 34 -125 137 34 48 -161
34 87 -149 34 -38 161 34 -126 137 34 48 -160
34 87 -149 34 -37 162 34 -126 137 34 48 -160
34 88 -149 34 -36 162 34 -126 137 34 49 -160
34 88 -148 34 -35 162 34 -127 137 34 49 -160
34 88 -148 34 -35 163 34 -127 137 34 50 -160
34 89 -148 34 -34 163 34 -128 137 34 50 -160
34 89 -148 34 -33 163 34 -128 137 34 50 -160
34 90 -148 34 -32 164 34 -128 136 34 51 -160
34 90 -148 34 -31 164 34 -129 136 34 51 -159
34 90 -148 34 -30 164 34 -129 136 34 52 -159
34 91 -148 34 -29 165 34 -130 136 34 52 -159
34 91 -148 34 -29 165 34 -130 136 34 52 -159
34 92 -147 34 -28 165 34 -130 136 34 53 -159
34 92 -147 34 -27 166 34 -131 136 34 53 -159
34 92 -147 34 -26 166 34 -131 136 34 53 -159
34 93 -147 34 -25 167 34 -131 136 34 54 -159
34 93 -147 34 -24 167 34 -132 135 34 54 -159
34 93 -147 34 -23 167 34 -132 135 34 55 -158
34 94 -147 34 -23 168 34 -133 135 34 55 -158
34 94 -147 34 -22 168 34 -133 135 34 55 -158
34 95 -147 34 -21 168 34 -133 135 34 56 -158
34 95 -146 34 -20 169 34 -134 135 34 56 -158
34 95 -146 34 -19 169 34 -134 135 34 57 -158
34 96 -146 34 -18 169 34 -105 135 34 57 -158
34 96 -146 34 -19 169 34 -104 135 34 57 -158
34 97 -146 34 -19 169 34 -103 135 34 58 -158
34 97 -146 34 -19 169 34 -102 136 34 58 -157
34 97 -146 34 -20 169 34 -101 136 34 59 -157
34 98 -146 34 -20 169 34 -100 136 34 59 -157
34 98 -145 34 -21 169 34 -100 137 34 59 -157
34 99 -145 34 -21 169 34 -99 137 34 60 -157
34 99 -145 34 -21 168 34 -98 137 34 60 -157
34 99 -145 34 -22 168 34 -97 138 34 60 -157
34 100 -145 34 -22 168 34 -96 138 34 61 -157
34 100 -145 34 -22 168 34 -95 138 34 61 -156
34 100 -145 34 -23 168 34 -94 139 34 62 -156
34 101 -145 34 -23 168 34 -93 139 34 62 -156
34 101 -145 34 -24 168 34 -93 139 34 62 -156
34 102 -144 34 -24 168 34 -92 140 34 63 -156
34 102 -144 34 -24 167 34 -91 140 34 63 -156
34 102 -144 34 -25 167 34 -90 140 34 64 -156
34 103 -144 34 -25 167 34 -89 141 34 64 -156
34 103 -144 34 -26 167 34 -88 141 34 64 -156
34 104 -144 34 -26 167 34 -87 142 34 65 -155
34 104 -144 34 -26 167 34 -87 142 34 65 -155
34 104 -144 34 -27 167 34 -86 142 34 66 -155
34 105 -143 34 -27 167 34 -85 143 34 66 -155
34 105 -143 34 -28 167 34 -84 143 34 66 -155
34 105 -143 34 -28 166 34 -83 143 34 67 -155
34 106 -143 34 -28 166 34 -82 144 34 67 -155
34 106 -143 34 -29 166 34 -81 144 34 67 -155
34 107 -143 34 -29 166 34 -80 144 34 68 -154
34 107 -143 34 -29 166 34 -80 145 34 68 -154
34 107 -143 34 -30 166 34 -79 145 34 69 -154
34 108 -143 34 -30 166 34 -78 145 34 69 -154
34 108 -142 34 -31 166 34 -77 146 34 69 -154
34 109 -142 34 -31 165 34 -76 146 34 70 -154
34 109 -142 34 -31 165 34 -75 146 34 70 -154
34 109 -142 34 -32 165 34 -74 147 34 71 -154
34 110 -142 34 -32 165 34 -74 147 34 71 -154
34 110 -142 34 -33 165 34 -73 147 34 71 -153
34 111 -142 34 -33 165 34 -72 148 34 72 -153
34 111 -142 34 -33 165 34 -71 148 34 72 -153
34 111 -142 34 -34 165 34 -70 148 34 73 -153
34 112 -141 34 -34 165 34 -69 149 34 73 -153
34 112 -141 34 -34 164 34 -68 149 34 73 -153
34 112 -141 34 -35 164 34 -68 150 34 74 -153
34 113 -141 34 -35 164 34 -67 150 34 74 -153
34 113 -141 34 -36 164 34 -66 150 34 74 -153
34 114 -141 34 -36 164 34 -65 151 34 75 -152
34 114 -141 34 -36 164 34 -64 151 34 75 -152
34 114 -141 34 -37 164 34 -63 151 34 76 -152
34 115 -140 34 -37 164 34 -62 152 34 76 -152
34 115 -140 34 -38 164 34 -61 152 34 76 -152
34 116 -140 34 -38 163 34 -61 152 34 77 -152
34 116 -140 34 -38 163 34 -60 153 34 77 -152
34 116 -140 34 -39 163 34 -59 153 34 78 -152
34 117 -140 34 -39 163 34 -58 153 34 78 -151
34 117 -140 34 -40 163 34 -57 154 34 78 -151
34 118 -140 34 -40 163 34 -56 154 34 79 -151
34 118 -140 34 -40 163 34 -55 154 34 79 -151
34 118 -139 34 -41 163 34 -55 155 34 79 -151
34 119 -139 34 -41 162 34 -54 155 34 80 -151
34 119 -139 34 -41 162 34 -53 155 34 80 -151
34 119 -139 34 -42 162 34 -52 156 34 81 -151
34 120 -139 34 -42 162 34 -51 156 34 81 -151
34 120 -139 34 -43 162 34 -50 156 34 81 -150
34 121 -139 34 -43 162 34 -49 157 34 82 -150
34 121 -139 34 -43 162 34 -48 157 34 82 -150
34 121 -139 34 -44 162 34 -48 158 34 83 -150
34 122 -138 34 -44 162 34 -47 158 34 83 -150
34 122 -138 34 -45 161 34 -46 158 34 83 -150
34 123 -138 34 -45 161 34 -45 159 34 84 -150
34 123 -138 34 -45 161 34 -44 159 34 84 -150
34 123 -138 34 -46 161 34 -43 159 34 85 -150
34 124 -138 34 -46 161 34 -42 160 34 85 -149
34 124 -138 34 -47 161 34 -42 160 34 85 -149
34 124 -138 34 -47 161 34 -41 160 34 86 -149
34 125 -137 34 -47 161 34 -40 161 34 86 -149
34 125 -137 34 -48 161 34 -39 161 34 86 -149
34 126 -137 34 -48 160 34 -38 161 34 87 -149
34 126 -137 34 -48 160 34 -37 162 34 87 -149
34 126 -137 34 -49 160 34 -36 162 34 88 -149
34 127 -137 34 -49 160 34 -35 162 34 88 -148
34 127 -137 34 -50 160 34 -35 163 34 88 -148
34 128 -137 34 -50 160 34 -34 163 34 89 -148
34 128 -137 34 -50 160 34 -33 163 34 89 -148
34 128 -136 34 -51 160 34 -32 164 34 90 -148
34 129 -136 34 -51 159 34 -31 164 34 90 -148
34 129 -136 34 -52 159 34 -30 164 34 90 -148
34 130 -136 34 -52 159 34 -29 165 34 91 -148
34 130 -136 34 -52 159 34 -29 165 34 91 -148
34 130 -136 34 -53 159 34 -28 165 34 92 -147
34 131 -136 34 -53 159 34 -27 166 34 92 -147
34 131 -136 34 -53 159 34 -26 166 34 92 -147
34 131 -136 34 -54 159 34 -25 167 34 93 -147
34 132 -135 34 -54 159 34 -24 167 34 93 -147
34 132 -135 34 -55 158 34 -23 167 34 93 -147
34 133 -135 34 -55 158 34 -23 168 34 94 -147
34 133 -135 34 -55 158 34 -22 168 34 94 -147
34 133 -135 34 -56 158 34 -21 168 34 95 -147
34 134 -135 34 -56 158 34 -20 169 34 95 -146
34 134 -135 34 -57 158 34 -19 169 34 95 -146
-34 105 -135 -34 -57 158 -34 -18 169 -34 96 -146
-34 104 -135 -34 -57 158 -34 -19 169 -34 96 -146
-34 103 -135 -34 -58 158 -34 -19 169 -34 97 -146
-34 102 -136 -34 -58 157 -34 -19 169 -34 97 -146
-34 101 -136 -34 -59 157 -34 -20 169 -34 97 -146
-34 100 -136 -34 -59 157 -34 -20 169 -34 98 -146
-34 100 -137 -34 -59 157 -34 -21 169 -34 98 -145
-34 99 -137 -34 -60 157 -34 -21 169 -34 99 -145
-34 98 -137 -34 -60 157 -34 -21 168 -34 99 -145
-34 97 -138 -34 -60 157 -34 -22 168 -34 99 -145
-34 96 -138 -34 -61 157 -34 -22 168 -34 100 -145
-34 95 -138 -34 -61 156 -34 -22 168 -34 100 -145
-34 94 -139 -34 -62 156 -34 -23 168 -34 100 -145
-34 93 -139 -34 -62 156 -34 -23 168 -34 101 -145
-34 93 -139 -34 -62 156 -34 -24 168 -34 101 -145
-34 92 -140 -34 -63 156 -34 -24 168 -34 102 -144
-34 91 -140 -34 -63 156 -34 -24 167 -34 102 -144
-34 90 -140 -34 -64 156 -34 -25 167 -34 102 -144
-34 89 -141 -34 -64 156 -34 -25 167 -34 103 -144
-34 88 -141 -34 -64 156 -34 -26 167 -34 103 -144
-34 87 -142 -34 -65 155 -34 -26 167 -34 104 -144
-34 87 -142 -34 -65 155 -34 -26 167 -34 104 -144
-34 86 -142 -34 -66 155 -34 -27 167 -34 104 -144
-34 85 -143 -34 -66 155 -34 -27 167 -34 105 -143
-34 84 -143 -34 -66 155 -34 -28 167 -34 105 -143
-34 83 -143 -34 -67 155 -34 -28 166 -34 105 -143
-34 82 -144 -34 -67 155 -34 -28 166 -34 106 -143
-34 81 -144 -34 -67 155 -34 -29 166 -34 106 -143
-34 80 -144 -34 -68 154 -34 -29 166 -34 107 -143
-34 80 -145 -34 -68 154 -34 -29 166 -34 107 -143
-34 79 -145 -34 -69 154 -34 -30 166 -34 107 -143
-34 78 -145 -34 -69 154 -34 -30 166 -34 108 -143
-34 77 -146 -34 -69 154 -34 -31 166 -34 108 -142
-34 76 -146 -34 -70 154 -34 -31 165 -34 109 -142
-34 75 -146 -34 -70 154 -34 -31 165 -34 109 -142
-34 74 -147 -34 -71 154 -34 -32 165 -34 109 -142
-34 74 -147 -34 -71 154 -34 -32 165 -34 110 -142
-34 73 -147 -34 -71 153 -34 -33 165 -34 110 -142
-34 72 -148 -34 -72 153 -34 -33 165 -34 111 -142
-34 71 -148 -34 -72 153 -34 -33 165 -34 111 -142
-34 70 -148 -34 -73 153 -34 -34 165 -34 111 -142
-34 69 -149 -34 -73 153 -34 -34 165 -34 112 -141
-34 68 -149 -34 -73 153 -34 -34 164 -34 112 -141
-34 68 -150 -34 -74 153 -34 -35 164 -34 112 -141
-34 67 -150 -34 -74 153 -34 -35 164 -34 113 -141
-34 66 -150 -34 -74 153 -34 -36 164 -34 113 -141
-34 65 -151 -34 -75 152 -34 -36 164 -34 114 -141
-34 64 -151 -34 -75 152 -34 -36 164 -34 114 -141
-34 63 -151 -34 -76 152 -34 -37 164 -34 114 -141
-34 62 -152 -34 -76 152 -34 -37 164 -34 115 -140
-34 61 -152 -34 -76 152 -34 -38 164 -34 115 -140
-34 61 -152 -34 -77 152 -34 -38 163 -34 116 -140
-34 60 -153 -34 -77 152 -34 -38 163 -34 116 -140
-34 59 -153 -34 -78 152 -34 -39 163 -34 116 -140
-34 58 -153 -34 -78 151 -34 -39 163 -34 117 -140
-34 57 -154 -34 -78 151 -34 -40 163 -34 117 -140
-34 56 -154 -34 -79 151 -34 -40 163 -34 118 -140
-34 55 -154 -34 -79 151 -34 -40 163 -34 118 -140
-34 55 -155 -34 -79 151 -34 -41 163 -34 118 -139
-34 54 -155 -34 -80 151 -34 -41 162 -34 119 -139
-34 53 -155 -34 -80 151 -34 -41 162 -34 119 -139
-34 52 -156 -34 -81 151 -34 -42 162 -34 119 -139
-34 51 -156 -34 -81 151 -34 -42 162 -34 120 -139
-34 50 -156 -34 -81 150 -34 -43 162 -34 120 -139
-34 49 -157 -34 -82 150 -34 -43 162 -34 121 -139
-34 48 -157 -34 -82 150 -34 -43 162 -34 121 -139
-34 48 -158 -34 -83 150 -34 -44 162 -34 121 -139
-34 47 -158 -34 -83 150 -34 -44 162 -34 122 -138
-34 46 -158 -34 -83 150 -34 -45 161 -34 122 -138
-34 45 -159 -34 -84 150 -34 -45 161 -34 123 -138
-34 44 -159 -34 -84 150 -34 -45 161 -34 123 -138
-34 43 -159 -34 -85 150 -34 -46 161 -34 123 -138
-34 42 -160 -34 -85 149 -34 -46 161 -34 124 -138
-34 42 -160 -34 -85 149 -34 -47 161 -34 124 -138
-34 41 -160 -34 -86 149 -34 -47 161 -34 124 -138
-34 40 -161 -34 -86 149 -34 -47 161 -34 125 -137
-34 39 -161 -34 -86 149 -34 -48 161 -34 125 -137
-34 38 -161 -34 -87 149 -34 -48 160 -34 126 -137
-34 37 -162 -34 -87 149 -34 -48 160 -34 126 -137
-34 36 -162 -34 -88 149 -34 -49 160 -34 126 -137
-34 35 -162 -34 -88 148 -34 -49 160 -34 127 -137
-34 35 -163 -34 -88 148 -34 -50 160 -34 127 -137
-34 34 -163 -34 -89 148 -34 -50 160 -34 128 -137
-34 33 -163 -34 -89 148 -34 -50 160 -34 128 -137
-34 32 -164 -34 -90 148 -34 -51 160 -34 128 -136
-34 31 -164 -34 -90 148 -34 -51 159 -34 129 -136
-34 30 -164 -34 -90 148 -34 -52 159 -34 129 -136
-34 29 -165 -34 -91 148 -34 -52 159 -34 130 -136
-34 29 -165 -34 -91 148 -34 -52 159 -34 130 -136
-34 28 -165 -34 -92 147 -34 -53 159 -34 130 -136
-34 27 -166 -34 -92 147 -34 -53 159 -34 131 -136
-34 26 -166 -34 -92 147 -34 -53 159 -34 131 -136
-34 25 -167 -34 -93 147 -34 -54 159 -34 131 -136
-34 24 -167 -34 -93 147 -34 -54 159 -34 132 -135
-34 23 -167 -34 -93 147 -34 -55 158 -34 132 -135
-34 23 -168 -34 -94 147 -34 -55 158 -34 133 -135
-34 22 -168 -34 -94 147 -34 -55 158 -34 133 -135
-34 21 -168 -34 -95 147 -34 -56 158 -34 133 -135
-34 20 -169 -34 -95 146 -34 -56 158 -34 134 -135
-34 19 -169 -34 -95 146 -34 -57 158 -34 134 -135
-34 18 -169 -34 -96 146 -34 -57 158 -34 105 -135
-34 19 -169 -34 -96 146 -34 -57 158 -34 104 -135
-34 19 -169 -34 -97 146 -34 -58 158 -34 103 -135
-34 19 -169 -34 -97 146 -34 -58 157 -34 102 -136
-34 20 -169 -34 -97 146 -34 -59 157 -34 101 -136
-34 20 -169 -34 -98 146 -34 -59 157 -34 100 -136
-34 21 -169 -34 -98 145 -34 -59 157 -34 100 -137
-34 21 -169 -34 -99 145 -34 -60 157 -34 99 -137
-34 21 -168 -34 -99 145 -34 -60 157 -34 98 -137
-34 22 -168 -34 -99 145 -34 -60 157 -34 97 -138
-34 22 -168 -34 -100 145 -34 -61 157 -34 96 -138
-34 22 -168 -34 -100 145 -34 -61 156 -34 95 -138
-34 23 -168 -34 -100 145 -34 -62 156 -34 94 -139
-34 23 -168 -34 -101 145 -34 -62 156 -34 93 -139
-34 24 -168 -34 -101 145 -34 -62 156 -34 93 -139
-34 24 -168 -34 -102 144 -34 -63 156 -34 92 -140
-34 24 -167 -34 -102 144 -34 -63 156 -34 91 -140
-34 25 -167 -34 -102 144 -34 -64 156 -34 90 -140
-34 25 -167 -34 -103 144 -34 -64 156 -34 89 -141
-34 26 -167 -34 -103 144 -34 -64 156 -34 88 -141
-34 26 -167 -34 -104 144 -34 -65 155 -34 87 -142
-34 26 -167 -34 -104 144 -34 -65 155 -34 87 -142
-34 27 -167 -34 -104 144 -34 -66 155 -34 86 -142
-34 27 -167 -34 -105 143 -34 -66 155 -34 85 -143
-34 28 -167 -34 -105 143 -34 -66 155 -34 84 -143
-34 28 -166 -34 -105 143 -34 -67 155 -34 83 -143
-34 28 -166 -34 -106 143 -34 -67 155 -34 82 -144
-34 29 -166 -34 -106 143 -34 -67 155 -34 81 -144
-34 29 -166 -34 -107 143 -34 -68 154 -34 80 -144
-34 29 -166 -34 -107 143 -34 -68 154 -34 80 -145
-34 30 -166 -34 -107 143 -34 -69 154 -34 79 -145
-34 30 -166 -34 -108 143 -34 -69 154 -34 78 -145
-34 31 -166 -34 -108 142 -34 -69 154 -34 77 -146
-34 31 -165 -34 -109 142 -34 -70 154 -34 76 -146
-34 31 -165 -34 -109 142 -34 -70 154 -34 75 -146
-34 32 -165 -34 -109 142 -34 -71 154 -34 74 -147
-34 32 -165 -34 -110 142 -34 -71 154 -34 74 -147
-34 33 -165 -34 -110 142 -34 -71 153 -34 73 -147
-34 33 -165 -34 -111 142 -34 -72 153 -34 72 -148
-34 33 -165 -34 -111 142 -34 -72 153 -34 71 -148
-34 34 -165 -34 -111 142 -34 -73 153 -34 70 -148
-34 34 -165 -34 -112 141 -34 -73 153 -34 69 -149
-34 34 -164 -34 -112 141 -34 -73 153 -34 68 -149
-34 35 -164 -34 -112 141 -34 -74 153 -34 68 -150
-34 35 -164 -34 -113 141 -34 -74 153 -34 67 -150
-34 36 -164 -34 -113 141 -34 -74 153 -34 66 -150
-34 36 -164 -34 -114 141 -34 -75 152 -34 65 -151
-34 36 -164 -34 -114 141 -34 -75 152 -34 64 -151
-34 37 -164 -34 -114 141 -34 -76 152 -34 63 -151
-34 37 -164 -34 -115 140 -34 -76 152 -34 62 -152
-34 38 -164 -34 -115 140 -34 -76 152 -34 61 -152
-34 38 -163 -34 -116 140 -34 -77 152 -34 61 -152
-34 38 -163 -34 -116 140 -34 -77 152 -34 60 -153
-34 39 -163 -34 -116 140 -34 -78 152 -34 59 -153
-34 39 -163 -34 -117 140 -34 -78 151 -34 58 -153
-34 40 -163 -34 -117 140 -34 -78 151 -34 57 -154
-34 40 -163 -34 -118 140 -34 -79 151 -34 56 -154
-34 40 -163 -34 -118 140 -34 -79 151 -34 55 -154
-34 41 -163 -34 -118 139 -34 -79 151 -34 55 -155
-34 41 -162 -34 -119 139 -34 -80 151 -34 54 -155
-34 41 -162 -34 -119 139 -34 -80 151 -34 53 -155
-34 42 -162 -34 -119 139 -34 -81 151 -34 52 -156
-34 42 -162 -34 -120 139 -34 -81 151 -34 51 -156
-34 43 -162 -34 -120 139 -34 -81 150 -34 50 -156
-34 43 -162 -34 -121 139 -34 -82 150 -34 49 -157
-34 43 -162 -34 -121 139 -34 -82 150 -34 48 -157
-34 44 -162 -34 -121 139 -34 -83 150 -34 48 -158
-34 44 -162 -34 -122 138 -34 -83 150 -34 47 -158
-34 45 -161 -34 -122 138 -34 -83 150 -34 46 -158
-34 45 -161 -34 -123 138 -34 -84 150 -34 45 -159
-34 45 -161 -34 -123 138 -34 -84 150 -34 44 -159
-34 46 -161 -34 -123 138 -34 -85 150 -34 43 -159
-34 46 -161 -34 -124 138 -34 -85 149 -34 42 -160
-34 47 -161 -34 -124 138 -34 -85 149 -34 42 -160
-34 47 -161 -34 -124 138 -34 -86 149 -34 41 -160
-34 47 -161 -34 -125 137 -34 -86 149 -34 40 -161
-34 48 -161 -34 -125 137 -34 -86 149 -34 39 -161
-34 48 -160 -34 -126 137 -34 -87 149 -34 38 -161
-34 48 -160 -34 -126 137 -34 -87 149 -34 37 -162
-34 49 -160 -34 -126 137 -34 -88 149 -34 36 -162
-34 49 -160 -34 -127 137 -34 -88 148 -34 35 -162
-34 50 -160 -34 -127 137 -34 -88 148 -34 35 -163
-34 50 -160 -34 -128 137 -34 -89 148 -34 34 -163
-34 50 -160 -34 -128 137 -34 -89 148 -34 33 -163
-34 51 -160 -34 -128 136 -34 -90 148 -34 32 -164
-34 51 -159 -34 -129 136 -34 -90 148 -34 31 -164
-34 52 -159 -34 -129 136 -34 -90 148 -34 30 -164
-34 52 -159 -34 -130 136 -34 -91 148 -34 29 -165
-34 52 -159 -34 -130 136 -34 -91 148 -34 29 -165
-34 53 -159 -34 -130 136 -34 -92 147 -34 28 -165
-34 53 -159 -34 -131 136 -34 -92 147 -34 27 -166
-34 53 -159 -34 -131 136 -34 -92 147 -34 26 -166
-34 54 -159 -34 -131 136 -34 -93 147 -34 25 -167
-34 54 -159 -34 -132 135 -34 -93 147 -34 24 -167
-34 55 -158 -34 -132 135 -34 -93 147 -34 23 -167
-34 55 -158 -34 -133 135 -34 -94 147 -34 23 -168
-34 55 -158 -34 -133 135 -34 -94 147 -34 22 -168
-34 56 -158 -34 -133 135 -34 -95 147 -34 21 -168
-34 56 -158 -34 -134 135 -34 -95 146 -34 20 -169
-34 57 -158 -34 -134 135 -34 -95 146 -34 19 -169
34 57 -158 34 -105 135 34 -96 146 34 18 -169
34 57 -158 34 -104 135 34 -96 146 34 19 -169
34 58 -158 34 -103 135 34 -97 146 34 19 -169
34 58 -157 34 -102 136 34 -97 146 34 19 -169
34 59 -157 34 -101 136 34 -97 146 34 20 -169
34 59 -157 34 -100 136 34 -98 146 34 20 -169
34 59 -157 34 -100 137 34 -98 145 34 21 -169
34 60 -157 34 -99 137 34 -99 145 34 21 -169
34 60 -157 34 -98 137 34 -99 145 34 21 -168
34 60 -157 34 -97 138 34 -99 145 34 22 -168
34 61 -157 34 -96 138 34 -100 145 34 22 -168
34 61 -156 34 -95 138 34 -100 145 34 22 -168
34 62 -156 34 -94 139 34 -100 145 34 23 -168
34 62 -156 34 -93 139 34 -101 145 34 23 -168
34 62 -156 34 -93 139 34 -101 145 34 24 -168
34 63 -156 34 -92 140 34 -102 144 34 24 -168
34 63 -156 34 -91 140 34 -102 144 34 24 -167
34 64 -156 34 -90 140 34 -102 144 34 25 -167
34 64 -156 34 -89 141 34 -103 144 34 25 -167
34 64 -156 34 -88 141 34 -103 144 34 26 -167
34 65 -155 34 -87 142 34 -104 144 34 26 -167
34 65 -155 34 -87 142 34 -104 144 34 26 -167
34 66 -155 34 -86 142 34 -104 144 34 27 -167
34 66 -155 34 -85 143 34 -105 143 34 27 -167
34 66 -155 34 -84 143 34 -105 143 34 28 -167
34 67 -155 34 -83 143 34 -105 143 34 28 -166
34 67 -155 34 -82 144 34 -106 143 34 28 -166
34 67 -155 34 -81 144 34 -106 143 34 29 -166
34 68 -154 34 -80 144 34 -107 143 34 29 -166
34 68 -154 34 -80 145 34 -107 143 34 29 -166
34 69 -154 34 -79 145 34 -107 143 34 30 -166
34 69 -154 34 -78 145 34 -108 143 34 30 -166
34 69 -154 34 -77 146 34 -108 142 34 31 -166
34 70 -154 34 -76 146 34 -109 142 34 31 -165
34 70 -154 34 -75 146 34 -109 142 34 31 -165
34 71 -154 34 -74 147 34 -109 142 34 32 -165
34 71 -154 34 -74 147 34 -110 142 34 32 -165
34 71 -153 34 -73 147 34 -110 142 34 33 -165
34 72 -153 34 -72 148 34 -111 142 34 33 -165
34 72 -153 34 -71 148 34 -111 142 34 33 -165
34 73 -153 34 -70 148 34 -111 142 34 34 -165
34 73 -153 34 -69 149 34 -112 141 34 34 -165
34 73 -153 34 -68 149 34 -112 141 34 34 -164
34 74 -153 34 -68 150 34 -112 141 34 35 -164
34 74 -153 34 -67 150 34 -113 141 34 35 -164
34 74 -153 34 -66 150 34 -113 141 34 36 -164
34 75 -152 34 -65 151 34 -114 141 34 36 -164
34 75 -152 34 -64 151 34 -114 141 34 36 -164
34 76 -152 34 -63 151 34 -114 141 34 37 -164
34 76 -152 34 -62 152 34 -115 140 34 37 -164
34 76 -152 34 -61 152 34 -115 140 34 38 -164
34 77 -152 34 -61 152 34 -116 140 34 38 -163
34 77 -152 34 -60 153 34 -116 140 34 38 -163
34 78 -152 34 -59 153 34 -116 140 34 39 -163
34 78 -151 34 -58 153 34 -117 140 34 39 -163
34 78 -151 34 -57 154 34 -117 140 34 40 -163
34 79 -151 34 -56 154 34 -118 140 34 40 -163
34 79 -151 34 -55 154 34 -118 140 34 40 -163
34 79 -151 34 -55 155 34 -118 139 34 41 -163
34 80 -151 34 -54 155 34 -119 139 34 41 -162
34 80 -151 34 -53 155 34 -119 139 34 41 -162
34 81 -151 34 -52 156 34 -119 139 34 42 -162
34 81 -151 34 -51 156 34 -120 139 34 42 -162
34 81 -150 34 -50 156 34 -120 139 34 43 -162
34 82 -150 34 -49 157 34 -121 139 34 43 -162
34 82 -150 34 -48 157 34 -121 139 34 43 -162
34 83 -150 34 -48 158 34 -121 139 34 44 -162
34 83 -150 34 -47 158 34 -122 138 34 44 -162
34 83 -150 34 -46 158 34 -122 138 34 45 -161
34 84 -150 34 -45 159 34 -123 138 34 45 -161
34 84 -150 34 -44 159 34 -123 138 34 45 -161
34 85 -150 34 -43 159 34 -123 138 34 46 -161
34 85 -149 34 -42 160 34 -124 138 34 46 -161
34 85 -149 34 -42 160 34 -124 138 34 47 -161
34 86 -149 34 -41 160 34 -124 138 34 47 -161
34 86 -149 34 -40 161 34 -125 137 34 47 -161
34 86 -149 34 -39 161 34 -125 137 34 48 -161
34 87 -149 34 -38 161 34 -126 137 34 48 -160
34 87 -149 34 -37 162 34 -126 137 34 48 -160
34 88 -149 34 -36 162 34 -126 137 34 49 -160
34 88 -148 34 -35 162 34 -127 137 34 49 -160
34 88 -148 34 -35 163 34 -127 137 34 50 -160
34 89 -148 34 -34 163 34 -128 137 34 50 -160
34 89 -148 34 -33 163 34 -128 137 34 50 -160
34 90 -148 34 -32 164 34 -128 136 34 51 -160
34 90 -148 34 -31 164 34 -129 136 34 51 -159
34 90 -148 34 -30 164 34 -129 136 34 52 -159
34 91 -148 34 -29 165 34 -130 136 34 52 -159
34 91 -148 34 -29 165 34 -130 136 34 52 -159
34 92 -147 34 -28 165 34 -130 136 34 53 -159
34 92 -147 34 -27 166 34 -131 136 34 53 -159
34 92 -147 34 -26 166 34 -131 136 34 53 -159
34 93 -147 34 -25 167 34 -131 136 34 54 -159
34 93 -147 34 -24 167 34 -132 135 34 54 -159
34 93 -147 34 -23 167 34 -132 135 34 55 -158
34 94 -147 34 -23 168 34 -133 135 34 55 -158
34 94 -147 34 -22 168 34 -133 135 34 55 -158
34 95 -147 34 -21 168 34 -133 135 34 56 -158
34 95 -146 34 -20 169 34 -134 135 34 56 -158
34 95 -146 34 -19 169 34 -134 135 34 57 -158
34 96 -146 34 -18 169 34 -105 135 34 57 -158
34 96 -146 34 -19 169 34 -104 135 34 57 -158
34 97 -146 34 -19 169 34 -103 135 34 58 -158
34 97 -146 34 -19 169 34 -102 136 34 58 -157
34 97 -146 34 -20 169 34 -101 136 34 59 -157
34 98 -146 34 -20 169 34 -100 136 34 59 -157
34 98 -145 34 -21 169 34 -100 137 34 59 -157
34 99 -145 34 -21 169 34 -99 137 34 60 -157
34 99 -145 34 -21 168 34 -98 137 34 60 -157
34 99 -145 34 -22 168 34 -97 138 34 60 -157
34 100 -145 34 -22 168 34 -96 138 34 61 -157
34 100 -145 34 -22 168 34 -95 138 34 61 -156
34 100 -145 34 -23 168 34 -94 139 34 62 -156
34 101 -145 34 -23 168 34 -93 139 34 62 -156
34 101 -145 34 -24 168 34 -93 139 34 62 -156
34 102 -144 34 -24 168 34 -92 140 34 63 -156
34 102 -144 34 -24 167 34 -91 140 34 63 -156
34 102 -144 34 -25 167 34 -90 140 34 64 -156
34 103 -144 34 -25 167 34 -89 141 34 64 -156
34 103 -144 34 -26 167 34 -88 141 34 64 -156
34 104 -144 34 -26 167 34 -87 142 34 65 -155
34 104 -144 34 -26 167 34 -87 142 34 65 -155
34 104 -144 34 -27 167 34 -86 142 34 66 -155
34 105 -143 34 -27 167 34 -85 143 34 66 -155
34 105 -143 34 -28 167 34 -84 143 34 66 -155
34 105 -143 34 -28 166 34 -83 143 34 67 -155
34 106 -143 34 -28 166 34 -82 144 34 67 -155
34 106 -143 34 -29 166 34 -81 144 34 67 -155
34 107 -143 34 -29 166 34 -80 144 34 68 -154
34 107 -143 34 -29 166 34 -80 145 34 68 -154
34 107 -143 34 -30 166 34 -79 145 34 69 -154
34 108 -143 34 -30 166 34 -78 145 34 69 -154
34 108 -142 34 -31 166 34 -77 146 34 69 -154
34 109 -142 34 -31 165 34 -76 146 34 70 -154
34 109 -142 34 -31 165 34 -75 146 34 70 -154
34 109 -142 34 -32 165 34 -74 147 34 71 -154
34 110 -142 34 -32 165 34 -74 147 34 71 -154
34 110 -142 34 -33 165 34 -73 147 34 71 -153
34 111 -142 34 -33 165 34 -72 148 34 72 -153
34 111 -142 34 -33 165 34 -71 148 34 72 -153
34 111 -142 34 -34 165 34 -70 148 34 73 -153
34 112 -141 34 -34 165 34 -69 149 34 73 -153
34 112 -141 34 -34 164 34 -68 149 34 73 -153
34 112 -141 34 -35 164 34 -68 150 34 74 -153
34 113 -141 34 -35 164 34 -67 150 34 74 -153
34 113 -141 34 -36 164 34 -66 150 34 74 -153
34 114 -141 34 -36 164 34 -65 151 34 75 -152
34 114 -141 34 -36 164 34 -64 151 34 75 -152
34 114 -141 34 -37 164 34 -63 151 34 76 -152
34 115 -140 34 -37 164 34 -62 152 34 76 -152
34 115 -140 34 -38 164 34 -61 152 34 76 -152
34 116 -140 34 -38 163 34 -61 152 34 77 -152
34 116 -140 34 -38 163 34 -60 153 34 77 -152
34 116 -140 34 -39 163 34 -59 153 34 78 -152
34 117 -140 34 -39 163 34 -58 153 34 78 -151
34 117 -140 34 -40 163 34 -57 154 34 78 -151
34 118 -140 34 -40 163 34 -56 154 34 79 -151
34 118 -140 34 -40 163 34 -55 154 34 79 -151
34 118 -139 34 -41 163 34 -55 155 34 79 -151
34 119 -139 34 -41 162 34 -54 155 34 80 -151
34 119 -139 34 -41 162 34 -53 155 34 80 -151
34 119 -139 34 -42 162 34 -52 156 34 81 -151
34 120 -139 34 -42 162 34 -51 156 34 81 -151
34 120 -139 34 -43 162 34 -50 156 34 81 -150
34 121 -139 34 -43 162 34 -49 157 34 82 -150
34 121 -139 34 -43 162 34 -48 157 34 82 -150
34 121 -139 34 -44 162 34 -48 158 34 83 -150
34 122 -138 34 -44 162 34 -47 158 34 83 -150
34 122 -138 34 -45 161 34 -46 158 34 83 -150
34 123 -138 34 -45 161 34 -45 159 34 84 -150
34 123 -138 34 -45 161 34 -44 159 34 84 -150
34 123 -138 34 -46 161 34 -43 159 34 85 -150
34 124 -138 34 -46 161 34 -42 160 34 85 -149
34 124 -138 34 -47 161 34 -42 160 34 85 -149
34 124 -138 34 -47 161 34 -41 160 34 86 -149
34 125 -137 34 -47 161 34 -40 161 34 86 -149
34 125 -137 34 -48 161 34 -39 161 34 86 -149
34 126 -137 34 -48 160 34 -38 161 34 87 -149
34 126 -137 34 -48 160 34 -37 162 34 87 -149
34 126 -137 34 -49 160 34 -36 162 34 88 -149
34 127 -137 34 -49 160 34 -35 162 34 88 -148
34 127 -137 34 -50 160 34 -35 163 34 88 -148
34 128 -137 34 -50 160 34 -34 163 34 89 -148
34 128 -137 34 -50 160 34 -33 163 34 89 -148
34 128 -136 34 -51 160 34 -32 164 34 90 -148
34 129 -136 34 -51 159 34 -31 164 34 90 -148
34 129 -136 34 -52 159 34 -30 164 34 90 -148
34 130 -136 34 -52 159 34 -29 165 34 91 -148
34 130 -136 34 -52 159 34 -29 165 34 91 -148
34 130 -136 34 -53 159 34 -28 165 34 92 -147
34 131 -136 34 -53 159 34 -27 166 34 92 -147
34 131 -136 34 -53 159 34 -26 166 34 92 -147
34 131 -136 34 -54 159 34 -25 167 34 93 -147
34 132 -135 34 -54 159 34 -24 167 34 93 -147
34 132 -135 34 -55 158 34 -23 167 34 93 -147
34 133 -135 34 -55 158 34 -23 168 34 94 -147
34 133 -135 34 -55 158 34 -22 168 34 94 -147
34 133 -135 34 -56 158 34 -21 168 34 95 -147
34 134 -135 34 -56 158 34 -20 169 34 95 -146
34 134 -135 34 -57 158 34 -19 169 34 95 -146
