0 46 -23 0 -94 117 0 -30 70 0 110 -70
0 40 -24 0 -100 116 0 -34 77 0 105 -63
0 35 -26 0 -105 114 0 -39 84 0 100 -55
0 30 -28 0 -110 111 0 -45 91 0 94 -49
0 27 -32 0 -113 108 0 -52 97 0 88 -42
0 25 -37 0 -115 103 0 -59 103 0 81 -37
0 23 -42 0 -116 97 0 -66 108 0 74 -32
0 23 -49 0 -116 91 0 -73 111 0 66 -28
0 24 -55 0 -115 84 0 -81 114 0 59 -26
0 27 -63 0 -113 77 0 -88 116 0 52 -24
0 30 -70 0 -110 70 0 -94 117 0 46 -23
0 34 -77 0 -105 63 0 -100 116 0 40 -24
0 39 -84 0 -100 55 0 -105 114 0 35 -26
0 45 -91 0 -94 49 0 -110 111 0 30 -28
0 52 -97 0 -88 42 0 -113 108 0 27 -32
0 59 -103 0 -81 37 0 -115 103 0 25 -37
0 66 -108 0 -74 32 0 -116 97 0 23 -42
0 73 -111 0 -66 28 0 -116 91 0 23 -49
0 81 -114 0 -59 26 0 -115 84 0 24 -55
0 88 -116 0 -52 24 0 -113 77 0 27 -63
0 94 -117 0 -46 23 0 -110 70 0 30 -70
0 100 -116 0 -40 24 0 -106 63 0 34 -77
0 105 -114 0 -35 26 0 -100 55 0 39 -84
0 110 -111 0 -30 28 0 -94 49 0 45 -91
0 113 -108 0 -27 32 0 -88 42 0 52 -97
0 115 -103 0 -25 37 0 -81 37 0 59 -103
0 116 -97 0 -23 42 0 -74 32 0 66 -108
0 116 -91 0 -23 49 0 -66 28 0 73 -111
0 115 -84 0 -24 55 0 -59 26 0 81 -114
0 113 -77 0 -27 63 0 -52 24 0 88 -116
0 110 -70 0 -30 70 0 -46 23 0 94 -117
0 106 -63 0 -34 77 0 -40 24 0 100 -116
0 100 -55 0 -39 84 0 -35 26 0 105 -114
0 94 -49 0 -45 91 0 -30 28 0 110 -111
0 88 -42 0 -52 97 0 -27 32 0 113 -108
0 81 -37 0 -59 103 0 -25 37 0 115 -103
0 74 -32 0 -66 108 0 -23 42 0 116 -97
0 66 -28 0 -73 111 0 -23 49 0 116 -91
0 59 -26 0 -81 114 0 -24 55 0 115 -84
0 52 -24 0 -88 116 0 -27 63 0 113 -77
0 46 -23 0 -94 117 0 -30 70 0 110 -70
0 40 -24 0 -100 116 0 -34 77 0 106 -63
0 35 -26 0 -105 114 0 -39 84 0 100 -55
0 30 -28 0 -110 111 0 -45 91 0 94 -49
0 27 -32 0 -113 108 0 -52 97 0 88 -42
0 25 -37 0 -115 103 0 -59 103 0 81 -37
0 23 -42 0 -116 97 0 -66 108 0 74 -32
0 23 -49 0 -116 91 0 -73 111 0 66 -28
0 24 -55 0 -115 84 0 -81 114 0 59 -26
0 27 -63 0 -113 77 0 -88 116 0 52 -24
0 30 -70 0 -110 70 0 -94 117 0 46 -23
0 34 -77 0 -106 63 0 -100 116 0 40 -24
0 39 -84 0 -100 55 0 -105 114 0 35 -26
0 45 -91 0 -94 49 0 -110 111 0 30 -28
0 52 -97 0 -88 42 0 -113 108 0 27 -32
0 59 -103 0 -81 37 0 -115 103 0 25 -37
0 66 -108 0 -74 32 0 -116 97 0 23 -42
0 73 -111 0 -66 28 0 -116 91 0 23 -49
0 81 -114 0 -59 26 0 -115 84 0 24 -55
0 88 -116 0 -52 24 0 -113 77 0 27 -63
0 94 -117 0 -46 23 0 -110 70 0 30 -70
0 100 -116 0 -40 24 0 -106 63 0 34 -77
0 105 -114 0 -35 26 0 -100 55 0 39 -84
0 110 -111 0 -30 28 0 -94 49 0 45 -91
0 113 -108 0 -27 32 0 -88 42 0 52 -97
0 115 -103 0 -25 37 0 -81 37 0 59 -103
0 116 -97 0 -23 42 0 -74 32 0 66 -108
0 116 -91 0 -23 49 0 -66 28 0 73 -111
0 115 -84 0 -24 55 0 -59 26 0 81 -114
0 113 -77 0 -27 63 0 -52 24 0 88 -116
0 110 -70 0 -30 70 0 -46 23 0 94 -117
0 106 -63 0 -34 77 0 -40 24 0 100 -116
0 100 -55 0 -39 84 0 -35 26 0 105 -114
0 94 -49 0 -45 91 0 -30 28 0 110 -111
0 88 -42 0 -52 97 0 -27 32 0 113 -108
0 81 -37 0 -59 103 0 -25 37 0 115 -103
0 74 -32 0 -66 108 0 -23 42 0 116 -97
0 66 -28 0 -73 111 0 -23 49 0 116 -91
0 59 -26 0 -81 114 0 -24 55 0 115 -84
0 52 -24 0 -88 116 0 -27 63 0 113 -77
0 46 -23 0 -94 117 0 -30 70 0 110 -70
0 40 -24 0 -100 116 0 -34 77 0 106 -63
0 35 -26 0 -105 114 0 -39 84 0 100 -55
0 30 -28 0 -110 111 0 -45 91 0 94 -49
0 27 -32 0 -113 108 0 -52 97 0 88 -42
0 25 -37 0 -115 103 0 -59 103 0 81 -37
0 23 -42 0 -116 97 0 -66 108 0 74 -32
0 23 -49 0 -116 91 0 -73 111 0 66 -28
0 24 -55 0 -115 84 0 -81 114 0 59 -26
0 27 -63 0 -113 77 0 -88 116 0 52 -24
0 30 -70 0 -110 70 0 -94 117 0 46 -23
0 34 -77 0 -106 63 0 -100 116 0 40 -24
0 39 -84 0 -100 55 0 -105 114 0 35 -26
0 45 -91 0 -94 49 0 -110 111 0 30 -28
0 52 -97 0 -88 42 0 -113 108 0 27 -32
0 59 -103 0 -81 37 0 -115 103 0 25 -37
0 66 -108 0 -74 32 0 -116 97 0 23 -42
0 73 -111 0 -66 28 0 -116 91 0 23 -49
0 81 -114 0 -59 26 0 -115 84 0 24 -55
0 88 -116 0 -52 24 0 -113 77 0 27 -63
0 94 -117 0 -46 23 0 -110 70 0 30 -70
0 100 -116 0 -40 24 0 -106 63 0 34 -77
0 105 -114 0 -35 26 0 -100 55 0 39 -84
0 110 -111 0 -30 28 0 -94 49 0 45 -91
0 113 -108 0 -27 32 0 -88 42 0 52 -97
0 115 -103 0 -25 37 0 -81 37 0 59 -103
0 116 -97 0 -23 42 0 -74 32 0 66 -108
0 116 -91 0 -23 49 0 -66 28 0 73 -111
0 115 -84 0 -24 55 0 -59 26 0 81 -114
0 113 -77 0 -27 63 0 -52 24 0 88 -116
0 110 -70 0 -30 70 0 -46 23 0 94 -117
0 106 -63 0 -34 77 0 -40 24 0 100 -116
0 100 -55 0 -39 84 0 -35 26 0 105 -114
0 94 -49 0 -45 91 0 -30 28 0 110 -111
0 88 -42 0 -52 97 0 -27 32 0 113 -108
0 81 -37 0 -59 103 0 -25 37 0 115 -103
0 74 -32 0 -66 108 0 -23 42 0 116 -97
0 66 -28 0 -73 111 0 -23 49 0 116 -91
0 59 -26 0 -81 114 0 -24 55 0 115 -84
0 52 -24 0 -88 116 0 -27 63 0 113 -77
0 46 -23 0 -94 117 0 -30 70 0 110 -70
0 40 -24 0 -100 116 0 -34 77 0 106 -63
0 35 -26 0 -105 114 0 -39 84 0 100 -55
0 30 -28 0 -110 111 0 -45 91 0 94 -49
0 27 -32 0 -113 108 0 -52 97 0 88 -42
0 25 -37 0 -115 103 0 -59 103 0 81 -37
0 23 -42 0 -116 97 0 -66 108 0 74 -32
0 23 -49 0 -116 91 0 -73 111 0 66 -28
0 24 -55 0 -115 84 0 -81 114 0 59 -26
0 27 -63 0 -113 77 0 -88 116 0 52 -24
0 30 -70 0 -110 70 0 -94 117 0 46 -23
0 34 -77 0 -106 63 0 -100 116 0 40 -24
0 39 -84 0 -100 55 0 -105 114 0 35 -26
0 45 -91 0 -94 49 0 -110 111 0 30 -28
0 52 -97 0 -88 42 0 -113 108 0 27 -32
0 59 -103 0 -81 37 0 -115 103 0 25 -37
0 66 -108 0 -74 32 0 -116 97 0 23 -42
0 73 -111 0 -66 28 0 -116 91 0 23 -49
0 81 -114 0 -59 26 0 -115 84 0 24 -55
0 88 -116 0 -52 24 0 -113 77 0 27 -63
0 94 -117 0 -46 23 0 -110 70 0 30 -70
0 100 -116 0 -40 24 0 -106 63 0 34 -77
0 105 -114 0 -35 26 0 -100 56 0 39 -84
0 110 -111 0 -30 28 0 -94 49 0 45 -91
0 113 -108 0 -27 32 0 -88 42 0 52 -97
0 115 -103 0 -25 37 0 -81 37 0 59 -103
0 116 -97 0 -23 42 0 -74 32 0 66 -108
0 116 -91 0 -23 49 0 -66 28 0 73 -111
0 115 -84 0 -24 55 0 -59 26 0 81 -114
0 113 -77 0 -27 63 0 -52 24 0 88 -116
0 110 -70 0 -30 70 0 -46 23 0 94 -117
0 106 -63 0 -34 77 0 -40 24 0 100 -116
0 100 -56 0 -39 84 0 -35 26 0 105 -114
0 94 -49 0 -45 91 0 -30 28 0 110 -111
0 88 -42 0 -52 97 0 -27 32 0 113 -108
0 81 -37 0 -59 103 0 -25 37 0 115 -103
0 74 -32 0 -66 108 0 -23 42 0 116 -97
0 66 -28 0 -73 111 0 -23 49 0 116 -91
0 59 -26 0 -81 114 0 -24 55 0 115 -84
0 52 -24 0 -88 116 0 -27 63 0 113 -77
0 46 -23 0 -94 117 0 -30 70 0 110 -70
0 40 -24 0 -100 116 0 -34 77 0 106 -63
0 35 -26 0 -105 114 0 -39 84 0 100 -56
0 30 -28 0 -110 111 0 -45 91 0 94 -49
0 27 -32 0 -113 108 0 -52 97 0 88 -42
0 25 -37 0 -115 103 0 -59 103 0 81 -37
0 23 -42 0 -116 97 0 -66 108 0 74 -32
0 23 -49 0 -116 91 0 -73 111 0 66 -28
0 24 -55 0 -115 84 0 -81 114 0 59 -26
0 27 -63 0 -113 77 0 -88 116 0 52 -24
0 30 -70 0 -110 70 0 -94 117 0 46 -23
0 34 -77 0 -106 63 0 -100 116 0 40 -24
0 39 -84 0 -100 56 0 -105 114 0 35 -26
0 45 -91 0 -94 49 0 -110 111 0 30 -28
0 52 -97 0 -88 42 0 -113 108 0 27 -32
0 59 -103 0 -81 37 0 -115 103 0 25 -37
0 66 -108 0 -74 32 0 -116 97 0 23 -42
0 73 -111 0 -66 28 0 -116 91 0 23 -49
0 81 -114 0 -59 26 0 -115 84 0 24 -55
0 88 -116 0 -52 24 0 -113 77 0 27 -63
0 94 -117 0 -46 23 0 -110 70 0 30 -70
0 100 -116 0 -40 24 0 -106 63 0 34 -77
0 105 -114 0 -35 26 0 -100 56 0 39 -84
0 110 -111 0 -30 28 0 -94 49 0 45 -91
0 113 -108 0 -27 32 0 -88 42 0 52 -97
0 115 -103 0 -25 37 0 -81 37 0 59 -103
0 116 -97 0 -23 42 0 -74 32 0 66 -108
0 116 -91 0 -23 49 0 -66 28 0 73 -111
0 115 -84 0 -24 55 0 -59 26 0 81 -114
0 113 -77 0 -27 63 0 -52 24 0 88 -116
0 110 -70 0 -30 70 0 -46 23 0 94 -117
0 106 -63 0 -34 77 0 -40 24 0 100 -116
0 100 -56 0 -39 84 0 -35 26 0 105 -114
0 94 -49 0 -45 91 0 -30 28 0 110 -111
0 88 -42 0 -52 97 0 -27 32 0 113 -108
0 81 -37 0 -59 103 0 -25 37 0 115 -103
0 74 -32 0 -66 108 0 -23 42 0 116 -97
0 66 -28 0 -73 111 0 -23 49 0 116 -91
0 59 -26 0 -81 114 0 -24 55 0 115 -84
0 52 -24 0 -88 116 0 -27 63 0 113 -77
0 46 -23 0 -94 117 0 -30 70 0 110 -70
0 40 -24 0 -100 116 0 -34 77 0 106 -63
0 35 -26 0 -105 114 0 -39 84 0 100 -56
0 30 -28 0 -110 111 0 -45 91 0 94 -49
0 27 -32 0 -113 108 0 -52 97 0 88 -42
0 25 -37 0 -115 103 0 -59 103 0 81 -37
0 23 -42 0 -116 97 0 -66 108 0 74 -32
0 23 -49 0 -116 91 0 -73 111 0 66 -28
0 24 -55 0 -115 84 0 -81 114 0 59 -26
0 27 -63 0 -113 77 0 -88 116 0 52 -24
0 30 -70 0 -110 70 0 -94 117 0 46 -23
0 34 -77 0 -106 63 0 -100 116 0 40 -24
0 39 -84 0 -100 56 0 -105 114 0 35 -26
0 45 -91 0 -94 49 0 -110 111 0 30 -28
0 52 -97 0 -88 42 0 -113 108 0 27 -32
0 59 -103 0 -81 37 0 -115 103 0 25 -37
0 66 -108 0 -74 32 0 -116 97 0 23 -42
0 73 -111 0 -66 28 0 -116 91 0 23 -49
0 81 -114 0 -59 26 0 -115 84 0 24 -55
0 88 -116 0 -52 24 0 -113 77 0 27 -63
0 94 -117 0 -46 23 0 -110 70 0 30 -70
0 100 -116 0 -40 24 0 -106 63 0 34 -77
0 105 -114 0 -35 26 0 -100 56 0 39 -84
0 110 -111 0 -30 28 0 -94 49 0 45 -91
0 113 -108 0 -27 32 0 -88 43 0 52 -97
0 115 -103 0 -25 37 0 -81 37 0 59 -103
0 116 -97 0 -23 42 0 -74 32 0 66 -108
0 116 -91 0 -23 49 0 -66 28 0 73 -111
0 115 -84 0 -24 55 0 -59 26 0 81 -114
0 113 -77 0 -27 63 0 -52 24 0 88 -116
0 110 -70 0 -30 70 0 -46 23 0 94 -117
0 106 -63 0 -34 77 0 -40 24 0 100 -116
0 100 -56 0 -39 84 0 -35 25 0 105 -114
0 94 -49 0 -45 91 0 -30 28 0 110 -111
0 88 -43 0 -52 97 0 -27 32 0 113 -108
0 81 -37 0 -59 103 0 -25 37 0 115 -103
0 74 -32 0 -66 108 0 -23 42 0 116 -97
0 66 -28 0 -73 111 0 -23 49 0 116 -91
0 59 -26 0 -81 114 0 -24 55 0 115 -84
0 52 -24 0 -88 116 0 -27 63 0 113 -77
0 46 -23 0 -94 117 0 -30 70 0 110 -70
0 40 -24 0 -100 116 0 -34 77 0 106 -63
0 35 -25 0 -105 114 0 -39 84 0 100 -56
0 30 -28 0 -110 111 0 -45 91 0 94 -49
0 27 -32 0 -113 108 0 -52 97 0 88 -43
0 25 -37 0 -115 103 0 -59 103 0 81 -37
0 23 -42 0 -116 97 0 -66 108 0 74 -32
0 23 -49 0 -116 91 0 -73 111 0 66 -28
0 24 -55 0 -115 84 0 -81 114 0 59 -26
0 27 -63 0 -113 77 0 -88 116 0 52 -24
0 30 -70 0 -110 70 0 -94 117 0 46 -23
0 34 -77 0 -106 63 0 -100 116 0 40 -24
0 39 -84 0 -100 56 0 -105 114 0 35 -25
0 45 -91 0 -94 49 0 -110 112 0 30 -28
0 52 -97 0 -88 43 0 -113 108 0 27 -32
0 59 -103 0 -81 37 0 -115 103 0 25 -37
0 66 -108 0 -74 32 0 -116 97 0 23 -42
0 73 -111 0 -66 28 0 -116 91 0 23 -49
0 81 -114 0 -59 26 0 -115 84 0 24 -55
0 88 -116 0 -52 24 0 -113 77 0 27 -63
0 94 -117 0 -46 23 0 -110 70 0 30 -70
0 100 -116 0 -40 24 0 -106 63 0 34 -77
0 105 -114 0 -35 25 0 -100 56 0 39 -84
0 110 -112 0 -30 28 0 -94 49 0 45 -91
0 113 -108 0 -27 32 0 -88 43 0 52 -97
0 115 -103 0 -25 37 0 -81 37 0 59 -103
0 116 -97 0 -23 42 0 -74 32 0 66 -108
0 116 -91 0 -23 49 0 -66 28 0 73 -111
0 115 -84 0 -24 55 0 -59 26 0 81 -114
0 113 -77 0 -27 63 0 -52 24 0 88 -116
0 110 -70 0 -30 70 0 -46 23 0 94 -117
0 106 -63 0 -34 77 0 -40 24 0 100 -116
0 100 -56 0 -39 84 0 -35 25 0 105 -114
0 94 -49 0 -45 91 0 -30 28 0 110 -112
0 88 -43 0 -52 97 0 -27 32 0 113 -108
0 81 -37 0 -59 103 0 -25 37 0 115 -103
0 74 -32 0 -66 108 0 -23 42 0 116 -97
0 66 -28 0 -73 111 0 -23 49 0 116 -91
0 59 -26 0 -81 114 0 -24 55 0 115 -84
0 52 -24 0 -88 116 0 -27 63 0 113 -77
0 46 -23 0 -94 117 0 -30 70 0 110 -70
0 40 -24 0 -100 116 0 -34 77 0 106 -63
0 35 -25 0 -105 114 0 -39 84 0 100 -56
0 30 -28 0 -110 112 0 -45 91 0 94 -49
0 27 -32 0 -113 108 0 -52 97 0 88 -43
0 25 -37 0 -115 103 0 -59 103 0 81 -37
0 23 -42 0 -116 97 0 -66 108 0 74 -32
0 23 -49 0 -116 91 0 -73 111 0 66 -28
0 24 -55 0 -115 84 0 -81 114 0 59 -26
0 27 -63 0 -113 77 0 -88 116 0 52 -24
0 30 -70 0 -110 70 0 -94 117 0 46 -23
0 34 -77 0 -106 63 0 -100 116 0 40 -24
0 39 -84 0 -100 56 0 -105 114 0 35 -25
0 45 -91 0 -94 49 0 -110 112 0 30 -28
0 52 -97 0 -88 43 0 -113 108 0 27 -32
0 59 -103 0 -81 37 0 -115 103 0 25 -37
0 66 -108 0 -74 32 0 -116 97 0 23 -42
0 73 -111 0 -66 28 0 -116 91 0 23 -49
0 81 -114 0 -59 26 0 -115 84 0 24 -55
0 88 -116 0 -52 24 0 -113 77 0 27 -63
0 94 -117 0 -46 23 0 -110 70 0 30 -70
0 100 -116 0 -40 24 0 -106 63 0 34 -77
0 105 -114 0 -35 25 0 -100 56 0 39 -84
0 110 -112 0 -30 28 0 -94 49 0 45 -91
0 113 -108 0 -27 32 0 -88 43 0 52 -97
0 115 -103 0 -25 37 0 -81 37 0 59 -103
0 116 -97 0 -23 42 0 -74 32 0 66 -108
0 116 -91 0 -23 49 0 -66 28 0 73 -111
0 115 -84 0 -24 55 0 -59 26 0 81 -114
0 113 -77 0 -27 63 0 -52 24 0 88 -116
0 110 -70 0 -30 70 0 -46 23 0 94 -117
0 106 -63 0 -34 77 0 -40 24 0 100 -116
0 100 -56 0 -39 84 0 -35 25 0 105 -114
0 94 -49 0 -45 91 0 -30 28 0 110 -112
0 88 -43 0 -52 97 0 -27 32 0 113 -108
0 81 -37 0 -59 103 0 -25 37 0 115 -103
0 74 -32 0 -66 108 0 -23 42 0 116 -97
0 66 -28 0 -73 111 0 -23 49 0 116 -91
0 59 -26 0 -81 114 0 -24 55 0 115 -84
0 52 -24 0 -88 116 0 -27 63 0 113 -77
0 46 -23 0 -94 117 0 -30 70 0 110 -70
0 40 -24 0 -100 116 0 -34 77 0 106 -63
0 35 -25 0 -105 114 0 -39 84 0 100 -56
0 30 -28 0 -110 112 0 -45 91 0 94 -49
0 27 -32 0 -113 108 0 -52 97 0 88 -43
0 25 -37 0 -115 103 0 -59 103 0 81 -37
0 23 -42 0 -116 97 0 -66 108 0 74 -32
0 23 -49 0 -116 91 0 -73 111 0 66 -28
0 24 -55 0 -115 84 0 -81 114 0 59 -26
0 27 -63 0 -113 77 0 -88 116 0 52 -24
0 30 -70 0 -110 70 0 -94 117 0 46 -23
0 34 -77 0 -106 63 0 -100 116 0 40 -24
0 39 -84 0 -100 56 0 -105 114 0 35 -25
0 45 -91 0 -94 49 0 -110 112 0 30 -28
0 52 -97 0 -88 43 0 -113 108 0 27 -32
0 59 -103 0 -81 37 0 -115 103 0 25 -37
0 66 -108 0 -74 32 0 -116 97 0 23 -42
0 73 -111 0 -66 28 0 -116 91 0 23 -49
0 81 -114 0 -59 26 0 -115 84 0 24 -55
0 88 -116 0 -52 24 0 -113 77 0 27 -63
0 94 -117 0 -46 23 0 -110 70 0 30 -70
0 100 -116 0 -40 24 0 -106 63 0 34 -77
0 105 -114 0 -35 25 0 -100 56 0 39 -84
0 110 -112 0 -30 28 0 -94 49 0 45 -91
0 113 -108 0 -27 32 0 -88 43 0 52 -97
0 115 -103 0 -25 37 0 -81 37 0 59 -103
0 116 -97 0 -23 42 0 -74 32 0 66 -108
0 116 -91 0 -23 49 0 -66 28 0 73 -111
0 115 -84 0 -24 55 0 -59 26 0 81 -114
0 113 -77 0 -27 63 0 -52 24 0 88 -116
0 110 -70 0 -30 70 0 -46 23 0 94 -117
0 106 -63 0 -34 77 0 -40 24 0 100 -116
0 100 -56 0 -39 84 0 -35 25 0 105 -114
0 94 -49 0 -45 91 0 -30 28 0 110 -112
0 88 -43 0 -52 97 0 -27 32 0 113 -108
0 81 -37 0 -59 103 0 -25 37 0 115 -103
0 74 -32 0 -66 108 0 -23 42 0 116 -97
0 66 -28 0 -73 111 0 -23 49 0 116 -91
0 59 -26 0 -81 114 0 -24 55 0 115 -84
0 52 -24 0 -88 116 0 -27 63 0 113 -77
0 46 -23 0 -94 117 0 -30 70 0 110 -70
0 40 -24 0 -100 116 0 -34 77 0 106 -63
0 35 -25 0 -105 114 0 -39 84 0 100 -56
0 30 -28 0 -110 112 0 -45 91 0 94 -49
0 27 -32 0 -113 108 0 -52 97 0 88 -43
0 25 -37 0 -115 103 0 -59 103 0 81 -37
0 23 -42 0 -116 97 0 -66 108 0 74 -32
0 23 -49 0 -116 91 0 -73 111 0 66 -28
0 24 -55 0 -115 84 0 -81 114 0 59 -26
0 27 -63 0 -113 77 0 -88 116 0 52 -24
0 30 -70 0 -110 70 0 -94 117 0 46 -23
0 34 -77 0 -106 63 0 -100 116 0 40 -24
0 39 -84 0 -100 56 0 -105 114 0 35 -25
0 45 -91 0 -94 49 0 -110 112 0 30 -28
0 52 -97 0 -88 43 0 -113 108 0 27 -32
0 59 -103 0 -81 37 0 -115 103 0 25 -37
0 66 -108 0 -74 32 0 -116 97 0 23 -42
0 73 -111 0 -66 28 0 -116 91 0 23 -49
0 81 -114 0 -59 26 0 -115 84 0 24 -55
0 88 -116 0 -52 24 0 -113 77 0 27 -63
0 94 -117 0 -46 23 0 -110 70 0 30 -70
0 100 -116 0 -40 24 0 -106 63 0 34 -77
0 105 -114 0 -35 25 0 -100 56 0 39 -84
0 110 -112 0 -30 28 0 -95 49 0 45 -91
0 113 -108 0 -27 32 0 -88 43 0 52 -97
0 115 -103 0 -25 37 0 -81 37 0 59 -103
0 116 -97 0 -23 42 0 -74 32 0 66 -108
0 116 -91 0 -23 49 0 -66 28 0 73 -111
0 115 -84 0 -24 55 0 -59 26 0 81 -114
0 113 -77 0 -27 63 0 -52 24 0 88 -116
0 110 -70 0 -30 70 0 -46 23 0 94 -117
0 106 -63 0 -34 77 0 -40 24 0 100 -116
0 100 -56 0 -39 84 0 -35 25 0 105 -114
0 95 -49 0 -45 91 0 -30 28 0 110 -112
0 88 -43 0 -52 97 0 -27 32 0 113 -108
0 81 -37 0 -59 103 0 -25 37 0 115 -103
0 74 -32 0 -66 108 0 -23 42 0 116 -97
0 66 -28 0 -73 111 0 -23 49 0 116 -91
0 59 -26 0 -81 114 0 -24 55 0 115 -84
0 52 -24 0 -88 116 0 -27 63 0 113 -77
0 46 -23 0 -94 117 0 -30 70 0 110 -70
0 40 -24 0 -100 116 0 -34 77 0 106 -63
0 35 -25 0 -105 114 0 -39 84 0 100 -56
0 30 -28 0 -110 112 0 -45 91 0 95 -49
0 27 -32 0 -113 108 0 -52 97 0 88 -43
0 25 -37 0 -115 103 0 -59 103 0 81 -37
0 23 -42 0 -116 97 0 -66 108 0 74 -32
0 23 -49 0 -116 91 0 -73 111 0 66 -28
0 24 -55 0 -115 84 0 -81 114 0 59 -26
0 27 -63 0 -113 77 0 -88 116 0 52 -24
0 30 -70 0 -110 70 0 -94 117 0 46 -23
0 34 -77 0 -106 63 0 -100 116 0 40 -24
0 39 -84 0 -100 56 0 -105 114 0 35 -25
0 45 -91 0 -95 49 0 -110 112 0 30 -28
0 52 -97 0 -88 43 0 -113 108 0 27 -32
0 59 -103 0 -81 37 0 -115 103 0 25 -37
0 66 -108 0 -74 32 0 -116 97 0 23 -42
0 73 -111 0 -66 28 0 -116 91 0 23 -49
0 81 -114 0 -59 26 0 -115 84 0 24 -55
0 88 -116 0 -52 24 0 -113 77 0 27 -63
0 94 -117 0 -46 23 0 -110 70 0 30 -70
0 100 -116 0 -40 24 0 -106 63 0 34 -77
0 105 -114 0 -35 25 0 -100 56 0 39 -84
0 110 -112 0 -30 28 0 -95 49 0 45 -91
0 113 -108 0 -27 32 0 -88 43 0 52 -97
0 115 -103 0 -25 37 0 -81 37 0 59 -103
0 116 -97 0 -23 42 0 -74 32 0 66 -108
0 116 -91 0 -23 49 0 -67 28 0 73 -111
0 115 -84 0 -24 55 0 -59 26 0 81 -114
0 113 -77 0 -27 63 0 -52 24 0 88 -116
0 110 -70 0 -30 70 0 -46 23 0 94 -117
0 106 -63 0 -34 77 0 -40 24 0 100 -116
0 100 -56 0 -39 84 0 -35 25 0 105 -114
0 95 -49 0 -45 91 0 -30 28 0 110 -112
0 88 -43 0 -52 97 0 -27 32 0 113 -108
0 81 -37 0 -59 103 0 -25 37 0 115 -103
0 74 -32 0 -66 108 0 -23 42 0 116 -97
0 67 -28 0 -73 111 0 -23 49 0 116 -91
0 59 -26 0 -81 114 0 -24 55 0 115 -84
0 52 -24 0 -88 116 0 -27 63 0 113 -77
0 46 -23 0 -94 117 0 -30 70 0 110 -70
0 40 -24 0 -100 116 0 -34 77 0 106 -63
0 35 -25 0 -105 114 0 -39 84 0 100 -56
0 30 -28 0 -110 112 0 -45 91 0 95 -49
0 27 -32 0 -113 108 0 -52 97 0 88 -43
0 25 -37 0 -115 103 0 -59 103 0 81 -37
0 23 -42 0 -116 97 0 -66 108 0 74 -32
0 23 -49 0 -116 91 0 -73 111 0 67 -28
0 24 -55 0 -115 84 0 -81 114 0 59 -26
0 27 -63 0 -113 77 0 -87 116 0 52 -24
0 30 -70 0 -110 70 0 -94 117 0 46 -23
0 34 -77 0 -106 63 0 -100 116 0 40 -24
0 39 -84 0 -100 56 0 -105 114 0 35 -25
0 45 -91 0 -95 49 0 -110 112 0 30 -28
0 52 -97 0 -88 43 0 -113 108 0 27 -32
0 59 -103 0 -81 37 0 -115 103 0 25 -37
0 66 -108 0 -74 32 0 -116 97 0 23 -42
0 73 -111 0 -67 28 0 -116 91 0 23 -49
0 81 -114 0 -59 26 0 -115 84 0 24 -55
0 87 -116 0 -52 24 0 -113 77 0 27 -63
0 94 -117 0 -46 23 0 -110 70 0 30 -70
0 100 -116 0 -40 24 0 -106 63 0 34 -77
0 105 -114 0 -35 25 0 -100 56 0 39 -84
0 110 -112 0 -30 28 0 -95 49 0 45 -91
0 113 -108 0 -27 32 0 -88 43 0 52 -97
0 115 -103 0 -25 37 0 -81 37 0 59 -103
0 116 -97 0 -23 42 0 -74 32 0 66 -108
0 116 -91 0 -23 49 0 -67 28 0 73 -111
0 115 -84 0 -24 55 0 -59 26 0 81 -114
0 113 -77 0 -27 63 0 -52 24 0 87 -116
0 110 -70 0 -30 70 0 -46 23 0 94 -117
0 106 -63 0 -34 77 0 -40 24 0 100 -116
0 100 -56 0 -39 84 0 -35 25 0 105 -114
0 95 -49 0 -45 91 0 -30 28 0 110 -112
0 88 -43 0 -52 97 0 -27 32 0 113 -108
0 81 -37 0 -59 103 0 -25 37 0 115 -103
0 74 -32 0 -66 108 0 -23 42 0 116 -97
0 67 -28 0 -73 111 0 -23 49 0 116 -91
0 59 -26 0 -81 114 0 -24 55 0 115 -84
0 52 -24 0 -87 116 0 -27 62 0 113 -77
0 46 -23 0 -94 117 0 -30 70 0 110 -70
0 40 -24 0 -100 116 0 -34 77 0 106 -63
0 35 -25 0 -105 114 0 -39 84 0 100 -56
0 30 -28 0 -110 112 0 -45 91 0 95 -49
0 27 -32 0 -113 108 0 -52 97 0 88 -43
0 25 -37 0 -115 103 0 -59 103 0 81 -37
0 23 -42 0 -116 97 0 -66 108 0 74 -32
0 23 -49 0 -116 91 0 -73 111 0 67 -28
0 24 -55 0 -115 84 0 -81 114 0 59 -26
0 27 -62 0 -113 77 0 -87 116 0 52 -24
0 30 -70 0 -110 70 0 -94 117 0 46 -23
0 34 -77 0 -106 63 0 -100 116 0 40 -24
0 39 -84 0 -100 56 0 -105 114 0 35 -25
0 45 -91 0 -95 49 0 -110 112 0 30 -28
0 52 -97 0 -88 43 0 -113 108 0 27 -32
0 59 -103 0 -81 37 0 -115 103 0 25 -37
0 66 -108 0 -74 32 0 -116 97 0 23 -42
0 73 -111 0 -67 28 0 -116 91 0 23 -49
0 81 -114 0 -59 26 0 -115 84 0 24 -55
0 87 -116 0 -52 24 0 -113 77 0 27 -62
0 94 -117 0 -46 23 0 -110 70 0 30 -70
0 100 -116 0 -40 24 0 -106 63 0 34 -77
0 105 -114 0 -35 25 0 -100 56 0 39 -84
0 110 -112 0 -30 28 0 -95 49 0 45 -91
0 113 -108 0 -27 32 0 -88 43 0 52 -97
0 115 -103 0 -25 37 0 -81 37 0 59 -103
0 116 -97 0 -23 42 0 -74 32 0 66 -108
0 116 -91 0 -23 49 0 -67 28 0 73 -111
0 115 -84 0 -24 55 0 -59 26 0 81 -114
0 113 -77 0 -27 62 0 -52 24 0 87 -116
0 110 -70 0 -30 70 0 -46 23 0 94 -117
0 106 -63 0 -34 77 0 -40 24 0 100 -116
0 100 -56 0 -39 84 0 -35 25 0 105 -114
0 95 -49 0 -45 91 0 -30 28 0 110 -112
0 88 -43 0 -52 97 0 -27 32 0 113 -108
0 81 -37 0 -59 103 0 -25 37 0 115 -103
0 74 -32 0 -66 108 0 -23 42 0 116 -97
0 67 -28 0 -73 111 0 -23 49 0 116 -91
0 59 -26 0 -81 114 0 -24 55 0 115 -84
0 52 -24 0 -87 116 0 -27 62 0 113 -77
0 46 -23 0 -94 117 0 -30 70 0 110 -70
0 40 -24 0 -100 116 0 -34 77 0 106 -63
0 35 -25 0 -105 114 0 -39 84 0 100 -56
0 30 -28 0 -110 112 0 -45 91 0 95 -49
0 27 -32 0 -113 108 0 -52 97 0 88 -43
0 25 -37 0 -115 103 0 -59 103 0 81 -37
0 23 -42 0 -116 97 0 -66 108 0 74 -32
0 23 -49 0 -116 91 0 -73 111 0 67 -28
0 24 -55 0 -115 84 0 -81 114 0 59 -26
0 27 -62 0 -113 77 0 -87 116 0 52 -24
0 30 -70 0 -110 70 0 -94 117 0 46 -23
0 34 -77 0 -106 63 0 -100 116 0 40 -24
0 39 -84 0 -100 56 0 -105 114 0 35 -25
0 45 -91 0 -95 49 0 -110 112 0 30 -28
0 52 -97 0 -88 43 0 -113 108 0 27 -32
0 59 -103 0 -81 37 0 -115 103 0 25 -37
0 66 -108 0 -74 32 0 -116 97 0 23 -42
0 73 -111 0 -67 28 0 -116 91 0 23 -49
0 81 -114 0 -59 26 0 -115 84 0 24 -55
0 87 -116 0 -52 24 0 -113 77 0 27 -62
0 94 -117 0 -46 23 0 -110 70 0 30 -70
0 100 -116 0 -40 24 0 -106 63 0 34 -77
0 105 -114 0 -35 25 0 -100 56 0 39 -84
0 110 -112 0 -30 28 0 -95 49 0 45 -91
0 113 -108 0 -27 32 0 -88 43 0 52 -97
0 115 -103 0 -25 37 0 -81 37 0 59 -103
0 116 -97 0 -23 42 0 -74 32 0 66 -108
0 116 -91 0 -23 49 0 -67 28 0 73 -111
0 115 -84 0 -24 55 0 -59 26 0 81 -114
0 113 -77 0 -27 62 0 -52 24 0 87 -116
0 110 -70 0 -30 70 0 -46 23 0 94 -117
0 106 -63 0 -34 77 0 -40 24 0 100 -116
0 100 -56 0 -39 84 0 -35 25 0 105 -114
0 95 -49 0 -45 91 0 -30 28 0 110 -112
0 88 -43 0 -52 97 0 -27 32 0 113 -108
0 81 -37 0 -59 103 0 -25 37 0 115 -103
0 74 -32 0 -66 108 0 -23 42 0 116 -97
0 67 -28 0 -73 111 0 -23 49 0 116 -91
0 59 -26 0 -81 114 0 -24 55 0 115 -84
0 52 -24 0 -87 116 0 -27 62 0 113 -77
0 46 -23 0 -94 117 0 -30 70 0 110 -70
0 40 -24 0 -100 116 0 -34 77 0 106 -63
0 35 -25 0 -105 114 0 -39 84 0 100 -56
0 30 -28 0 -110 112 0 -45 91 0 95 -49
0 27 -32 0 -113 108 0 -52 97 0 88 -43
0 25 -37 0 -115 103 0 -59 103 0 81 -37
0 23 -42 0 -116 97 0 -66 108 0 74 -32
0 23 -49 0 -116 91 0 -73 111 0 67 -28
0 24 -55 0 -115 84 0 -80 114 0 59 -26
0 27 -62 0 -113 77 0 -87 116 0 52 -24
0 30 -70 0 -110 70 0 -94 117 0 46 -23
0 34 -77 0 -106 63 0 -100 116 0 40 -24
0 39 -84 0 -100 56 0 -105 114 0 35 -25
0 45 -91 0 -95 49 0 -110 112 0 30 -28
0 52 -97 0 -88 43 0 -113 108 0 27 -32
0 59 -103 0 -81 37 0 -115 103 0 25 -37
0 66 -108 0 -74 32 0 -116 97 0 23 -42
0 73 -111 0 -67 28 0 -116 91 0 23 -49
0 80 -114 0 -59 26 0 -115 84 0 24 -55
0 87 -116 0 -52 24 0 -113 77 0 27 -62
0 94 -117 0 -46 23 0 -110 70 0 30 -70
0 100 -116 0 -40 24 0 -106 63 0 34 -77
0 105 -114 0 -35 25 0 -100 56 0 39 -84
0 110 -112 0 -30 28 0 -95 49 0 45 -91
0 113 -108 0 -27 32 0 -88 43 0 52 -97
0 115 -103 0 -25 37 0 -81 37 0 59 -103
0 116 -97 0 -23 42 0 -74 32 0 66 -108
0 116 -91 0 -23 49 0 -67 28 0 73 -111
0 115 -84 0 -24 55 0 -59 26 0 80 -114
0 113 -77 0 -27 62 0 -52 24 0 87 -116
0 110 -70 0 -30 70 0 -46 23 0 94 -117
0 106 -63 0 -34 77 0 -40 24 0 100 -116
0 100 -56 0 -39 84 0 -35 25 0 105 -114
0 95 -49 0 -45 91 0 -30 28 0 110 -112
0 88 -43 0 -52 97 0 -27 32 0 113 -108
0 81 -37 0 -59 103 0 -25 37 0 115 -103
0 74 -32 0 -66 108 0 -23 42 0 116 -97
0 67 -28 0 -73 111 0 -23 49 0 116 -91
0 59 -26 0 -80 114 0 -24 55 0 115 -84
0 52 -24 0 -87 116 0 -27 62 0 113 -77
0 46 -23 0 -94 117 0 -30 70 0 110 -70
0 40 -24 0 -100 116 0 -34 77 0 106 -63
0 35 -25 0 -105 114 0 -39 84 0 100 -56
0 30 -28 0 -110 112 0 -45 91 0 95 -49
0 27 -32 0 -113 108 0 -52 97 0 88 -43
0 25 -37 0 -115 103 0 -59 103 0 81 -37
0 23 -42 0 -116 97 0 -66 108 0 74 -32
0 23 -49 0 -116 91 0 -73 111 0 67 -28
0 24 -55 0 -115 84 0 -80 114 0 59 -26
0 27 -62 0 -113 77 0 -87 116 0 52 -24
0 30 -70 0 -110 70 0 -94 117 0 46 -23
0 34 -77 0 -106 63 0 -100 116 0 40 -24
0 39 -84 0 -100 56 0 -105 114 0 35 -25
0 45 -91 0 -95 49 0 -110 112 0 30 -28
0 52 -97 0 -88 43 0 -113 108 0 27 -32
0 59 -103 0 -81 37 0 -115 103 0 25 -37
0 66 -108 0 -74 32 0 -116 97 0 23 -42
0 73 -111 0 -67 28 0 -116 91 0 23 -49
0 80 -114 0 -59 26 0 -115 84 0 24 -55
0 87 -116 0 -52 24 0 -113 77 0 27 -62
0 94 -117 0 -46 23 0 -110 70 0 30 -70
0 100 -116 0 -40 24 0 -106 63 0 34 -77
0 105 -114 0 -35 25 0 -100 56 0 39 -84
0 110 -112 0 -30 28 0 -95 49 0 45 -91
0 113 -108 0 -27 32 0 -88 43 0 52 -97
0 115 -103 0 -25 37 0 -81 37 0 59 -103
0 116 -97 0 -23 42 0 -74 32 0 66 -108
0 116 -91 0 -23 49 0 -67 28 0 73 -111
0 115 -84 0 -24 55 0 -59 26 0 80 -114
0 113 -77 0 -27 62 0 -52 24 0 87 -116
0 110 -70 0 -30 70 0 -46 23 0 94 -117
0 106 -63 0 -34 77 0 -40 24 0 100 -116
0 100 -56 0 -39 84 0 -35 25 0 105 -114
0 95 -49 0 -45 91 0 -30 28 0 110 -112
0 88 -43 0 -52 97 0 -27 32 0 113 -108
0 81 -37 0 -59 103 0 -25 37 0 115 -103
0 74 -32 0 -66 108 0 -23 42 0 116 -97
0 67 -28 0 -73 111 0 -23 49 0 116 -91
0 59 -26 0 -80 114 0 -24 55 0 115 -84
0 52 -24 0 -87 116 0 -27 62 0 113 -77
0 46 -23 0 -94 117 0 -30 70 0 110 -70
0 40 -24 0 -100 116 0 -34 77 0 106 -63
0 35 -25 0 -105 114 0 -39 84 0 100 -56
0 30 -28 0 -110 112 0 -45 91 0 95 -49
0 27 -32 0 -113 108 0 -52 97 0 88 -43
0 25 -37 0 -115 103 0 -59 103 0 81 -37
0 23 -42 0 -116 97 0 -66 108 0 74 -32
0 23 -49 0 -116 91 0 -73 111 0 67 -28
0 24 -55 0 -115 84 0 -80 114 0 59 -26
0 27 -62 0 -113 77 0 -87 116 0 52 -24
0 30 -70 0 -110 70 0 -94 117 0 46 -23
0 34 -77 0 -106 63 0 -100 116 0 40 -24
0 39 -84 0 -100 56 0 -105 114 0 35 -25
0 45 -91 0 -95 49 0 -110 112 0 30 -28
0 52 -97 0 -88 43 0 -113 108 0 27 -32
0 59 -103 0 -81 37 0 -115 103 0 25 -37
0 66 -108 0 -74 32 0 -116 97 0 23 -42
0 73 -111 0 -67 28 0 -116 91 0 23 -49
0 80 -114 0 -59 26 0 -115 84 0 24 -55
0 87 -116 0 -52 24 0 -113 77 0 27 -62
0 94 -117 0 -46 23 0 -110 70 0 30 -70
0 100 -116 0 -40 24 0 -106 63 0 34 -77
0 105 -114 0 -35 25 0 -100 56 0 39 -84
0 110 -112 0 -30 28 0 -95 49 0 45 -91
0 113 -108 0 -27 32 0 -88 43 0 52 -97
0 115 -103 0 -25 37 0 -81 37 0 59 -103
0 116 -97 0 -23 42 0 -74 32 0 66 -108
0 116 -91 0 -23 49 0 -67 28 0 73 -111
0 115 -84 0 -24 55 0 -59 26 0 80 -114
0 113 -77 0 -27 62 0 -52 24 0 87 -116
0 110 -70 0 -30 70 0 -46 23 0 94 -117
0 106 -63 0 -34 77 0 -40 24 0 100 -116
0 100 -56 0 -39 84 0 -35 25 0 105 -114
0 95 -49 0 -45 91 0 -30 28 0 110 -112
0 88 -43 0 -52 97 0 -27 32 0 113 -108
0 81 -37 0 -59 103 0 -25 37 0 115 -103
0 74 -32 0 -66 108 0 -23 42 0 116 -97
0 67 -28 0 -73 111 0 -23 49 0 116 -91
0 59 -26 0 -80 114 0 -24 55 0 115 -84
0 52 -24 0 -87 116 0 -27 62 0 113 -77
0 46 -23 0 -94 117 0 -30 70 0 110 -70
0 40 -24 0 -100 116 0 -34 77 0 106 -63
0 35 -25 0 -105 114 0 -39 84 0 100 -56
0 30 -28 0 -110 112 0 -45 91 0 95 -49
0 27 -32 0 -113 108 0 -52 97 0 88 -43
0 25 -37 0 -115 103 0 -59 103 0 81 -37
0 23 -42 0 -116 97 0 -66 108 0 74 -32
0 23 -49 0 -116 91 0 -73 111 0 67 -28
0 24 -55 0 -115 84 0 -80 114 0 59 -26
0 27 -62 0 -113 77 0 -87 116 0 52 -24
0 30 -70 0 -110 70 0 -94 117 0 46 -23
0 34 -77 0 -106 63 0 -100 116 0 40 -24
0 39 -84 0 -100 56 0 -105 114 0 35 -25
0 45 -91 0 -95 49 0 -110 112 0 30 -28
0 52 -97 0 -88 43 0 -113 108 0 27 -32
0 59 -103 0 -81 37 0 -115 103 0 25 -37
0 66 -108 0 -74 32 0 -116 97 0 23 -42
0 73 -111 0 -67 28 0 -116 91 0 23 -49
0 80 -114 0 -59 26 0 -115 84 0 24 -55
0 87 -116 0 -52 24 0 -113 77 0 27 -62
0 94 -117 0 -46 23 0 -110 70 0 30 -70
0 100 -116 0 -40 24 0 -106 63 0 34 -77
0 105 -114 0 -35 25 0 -100 56 0 39 -84
0 110 -112 0 -30 28 0 -95 49 0 45 -91
0 113 -108 0 -27 32 0 -88 43 0 52 -97
0 115 -103 0 -25 37 0 -81 37 0 59 -103
0 116 -97 0 -23 42 0 -74 32 0 66 -108
0 116 -91 0 -23 49 0 -67 28 0 73 -111
0 115 -84 0 -24 55 0 -59 26 0 80 -114
0 113 -77 0 -27 62 0 -52 24 0 87 -116
0 110 -70 0 -30 70 0 -46 23 0 94 -117
0 106 -63 0 -34 77 0 -40 24 0 100 -116
0 100 -56 0 -39 84 0 -35 25 0 105 -114
0 95 -49 0 -45 91 0 -30 28 0 110 -112
0 88 -43 0 -52 97 0 -27 32 0 113 -108
0 81 -37 0 -59 103 0 -25 37 0 115 -103
0 74 -32 0 -66 108 0 -23 42 0 116 -97
0 67 -28 0 -73 111 0 -23 49 0 116 -91
0 59 -26 0 -80 114 0 -24 55 0 115 -84
0 52 -24 0 -87 116 0 -27 62 0 113 -77
0 46 -23 0 -94 117 0 -30 70 0 110 -70
0 40 -24 0 -100 116 0 -34 77 0 106 -63
0 35 -25 0 -105 114 0 -39 84 0 100 -56
0 30 -28 0 -110 112 0 -45 91 0 95 -49
0 27 -32 0 -113 108 0 -52 97 0 88 -43
0 25 -37 0 -115 103 0 -59 103 0 81 -37
0 23 -42 0 -116 97 0 -66 108 0 74 -32
0 23 -49 0 -116 91 0 -73 111 0 67 -28
0 24 -55 0 -115 84 0 -80 114 0 59 -26
0 27 -62 0 -113 77 0 -87 116 0 52 -24
0 30 -70 0 -110 70 0 -94 117 0 46 -23
0 34 -77 0 -106 63 0 -100 116 0 40 -24
0 39 -84 0 -100 56 0 -105 114 0 35 -25
0 45 -91 0 -95 49 0 -110 112 0 30 -28
0 52 -97 0 -88 43 0 -113 108 0 27 -32
0 59 -103 0 -81 37 0 -115 103 0 25 -37
0 66 -108 0 -74 32 0 -116 97 0 23 -42
0 73 -111 0 -67 28 0 -116 91 0 23 -49
0 80 -114 0 -59 26 0 -115 84 0 24 -55
0 87 -116 0 -52 24 0 -113 77 0 27 -62
0 94 -117 0 -46 23 0 -110 70 0 30 -70
0 100 -116 0 -40 24 0 -106 63 0 34 -77
0 105 -114 0 -35 25 0 -100 56 0 39 -84
0 110 -112 0 -30 28 0 -95 49 0 45 -91
0 113 -108 0 -27 32 0 -88 43 0 52 -97
0 115 -103 0 -25 37 0 -81 37 0 59 -103
0 116 -97 0 -23 42 0 -74 32 0 66 -108
0 116 -91 0 -23 49 0 -67 28 0 73 -111
0 115 -84 0 -24 55 0 -59 26 0 80 -114
0 113 -77 0 -27 62 0 -52 24 0 87 -116
0 110 -70 0 -30 70 0 -46 23 0 94 -117
0 106 -63 0 -34 77 0 -40 24 0 100 -116
0 100 -56 0 -39 84 0 -35 25 0 105 -114
0 95 -49 0 -45 91 0 -30 28 0 110 -112
0 88 -43 0 -52 97 0 -27 32 0 113 -108
0 81 -37 0 -59 103 0 -25 37 0 115 -103
0 74 -32 0 -66 108 0 -23 42 0 116 -97
0 67 -28 0 -73 111 0 -23 49 0 116 -91
0 59 -26 0 -80 114 0 -24 55 0 115 -84
0 52 -24 0 -87 116 0 -27 62 0 113 -77
0 46 -23 0 -94 117 0 -30 70 0 110 -70
0 40 -24 0 -100 116 0 -34 77 0 106 -63
0 35 -25 0 -105 114 0 -39 84 0 100 -56
0 30 -28 0 -110 112 0 -45 91 0 95 -49
0 27 -32 0 -113 108 0 -52 97 0 88 -43
0 25 -37 0 -115 103 0 -59 103 0 81 -37
0 23 -42 0 -116 97 0 -66 108 0 74 -32
0 23 -49 0 -116 91 0 -73 111 0 67 -28
0 24 -55 0 -115 84 0 -80 114 0 59 -26
0 27 -62 0 -113 77 0 -87 116 0 52 -24
0 30 -70 0 -110 70 0 -94 117 0 46 -23
0 34 -77 0 -106 63 0 -100 116 0 40 -24
0 39 -84 0 -100 56 0 -105 114 0 35 -25
0 45 -91 0 -95 49 0 -110 112 0 30 -28
0 52 -97 0 -88 43 0 -113 108 0 27 -32
0 59 -103 0 -81 37 0 -115 103 0 25 -37
0 66 -108 0 -74 32 0 -116 97 0 23 -42
0 73 -111 0 -67 28 0 -116 91 0 23 -49
0 80 -114 0 -59 26 0 -115 84 0 24 -55
0 87 -116 0 -52 24 0 -113 77 0 27 -62
0 94 -117 0 -46 23 0 -110 70 0 30 -70
0 100 -116 0 -40 24 0 -106 63 0 34 -77
0 105 -114 0 -35 25 0 -100 56 0 39 -84
0 110 -112 0 -30 28 0 -95 49 0 45 -91
0 113 -108 0 -27 32 0 -88 43 0 52 -97
0 115 -103 0 -25 37 0 -81 37 0 59 -103
0 116 -97 0 -23 42 0 -74 32 0 66 -108
0 116 -91 0 -23 49 0 -67 28 0 73 -111
0 115 -84 0 -24 55 0 -59 26 0 80 -114
0 113 -77 0 -27 62 0 -52 24 0 87 -116
0 110 -70 0 -30 70 0 -46 23 0 94 -117
0 106 -63 0 -34 77 0 -40 24 0 100 -116
0 100 -56 0 -39 84 0 -35 25 0 105 -114
0 95 -49 0 -45 91 0 -30 28 0 110 -112
0 88 -43 0 -52 97 0 -27 32 0 113 -108
0 81 -37 0 -59 103 0 -25 37 0 115 -103
0 74 -32 0 -66 108 0 -23 42 0 116 -97
0 67 -28 0 -73 111 0 -23 49 0 116 -91
0 59 -26 0 -80 114 0 -24 55 0 115 -84
0 52 -24 0 -87 116 0 -27 62 0 113 -77
