512 729 214 512 665 302 512 665 302 512 729 214
512 709 250 512 653 317 512 653 317 512 709 250
512 710 254 512 651 316 512 651 316 512 710 254
512 711 256 512 650 314 512 650 314 512 711 256
512 713 258 512 648 313 512 648 313 512 713 258
512 714 261 512 646 312 512 646 312 512 714 261
512 715 263 512 644 311 512 644 311 512 715 263
512 716 266 512 642 309 512 642 309 512 716 266
512 718 269 512 640 308 512 640 308 512 718 269
512 719 272 512 638 308 512 638 308 512 719 272
512 719 276 512 635 307 512 635 307 512 719 276
512 720 279 512 632 306 512 632 306 512 720 279
512 721 284 512 629 306 512 629 306 512 721 284
512 721 288 512 626 306 512 626 306 512 721 288
512 722 292 512 623 306 512 623 306 512 722 292
512 722 295 512 622 306 512 622 306 512 722 295
512 722 297 512 620 306 512 620 306 512 722 297
512 722 300 512 618 306 512 618 306 512 722 300
512 722 302 512 617 306 512 617 306 512 722 302
512 722 305 512 615 306 512 615 306 512 722 305
512 721 307 512 614 306 512 614 306 512 721 307
512 721 310 512 612 307 512 612 307 512 721 310
512 721 312 512 611 307 512 611 307 512 721 312
512 721 314 512 610 307 512 610 307 512 721 314
512 720 316 512 608 307 512 608 307 512 720 316
512 720 318 512 607 308 512 607 308 512 720 318
512 720 320 512 606 308 512 606 308 512 720 320
512 720 322 512 605 308 512 605 308 512 720 322
512 719 324 512 604 309 512 604 309 512 719 324
512 719 326 512 603 309 512 603 309 512 719 326
512 719 328 512 602 309 512 602 309 512 719 328
512 718 330 512 601 309 512 601 309 512 718 330
512 718 332 512 600 310 512 600 310 512 718 332
512 717 333 512 599 310 512 599 310 512 717 333
512 717 335 512 599 310 512 599 310 512 717 335
512 717 336 512 598 311 512 598 311 512 717 336
512 716 338 512 597 311 512 597 311 512 716 338
512 716 339 512 596 311 512 596 311 512 716 339
512 716 341 512 596 311 512 596 311 512 716 341
512 715 342 512 595 311 512 595 311 512 715 342
512 715 343 512 595 312 512 595 312 512 715 343
512 714 344 512 594 312 512 594 312 512 714 344
512 714 345 512 594 312 512 594 312 512 714 345
512 714 347 512 593 312 512 593 312 512 714 347
512 713 348 512 593 312 512 593 312 512 713 348
512 713 349 512 592 313 512 592 313 512 713 349
512 713 349 512 592 313 512 592 313 512 713 349
512 713 350 512 592 313 512 592 313 512 713 350
512 712 351 512 591 313 512 591 313 512 712 351
512 712 352 512 591 313 512 591 313 512 712 352
512 712 353 512 591 313 512 591 313 512 712 353
512 711 353 512 591 313 512 591 313 512 711 353
512 711 354 512 591 313 512 591 313 512 711 354
512 711 355 512 590 313 512 590 313 512 711 355
512 711 355 512 590 313 512 590 313 512 711 355
512 710 356 512 590 313 512 590 313 512 710 356
512 710 356 512 590 314 512 590 314 512 710 356
512 710 357 512 590 314 512 590 314 512 710 357
512 710 357 512 590 314 512 590 314 512 710 357
512 709 357 512 590 314 512 590 314 512 709 357
512 709 358 512 590 314 512 590 314 512 709 358
512 709 358 512 590 314 512 590 314 512 709 358
512 709 358 512 590 314 512 590 314 512 709 358
512 709 358 512 590 314 512 590 314 512 709 358
512 709 359 512 590 314 512 590 314 512 709 359
512 708 359 512 590 314 512 590 314 512 708 359
512 708 359 512 590 314 512 590 314 512 708 359
512 708 359 512 590 314 512 590 314 512 708 359
512 708 359 512 590 313 512 590 313 512 708 359
512 708 359 512 590 313 512 590 313 512 708 359
512 708 359 512 590 313 512 590 313 512 708 359
512 708 359 512 590 313 512 590 313 512 708 359
512 707 359 512 590 313 512 590 313 512 707 359
512 707 359 512 591 313 512 591 313 512 707 359
512 707 359 512 591 313 512 591 313 512 707 359
512 707 359 512 591 313 512 591 313 512 707 359
512 707 359 512 591 313 512 591 313 512 707 359
512 707 359 512 591 313 512 591 313 512 707 359
512 707 359 512 591 313 512 591 313 512 707 359
512 707 359 512 592 313 512 592 313 512 707 359
512 707 359 512 592 313 512 592 313 512 707 359
512 707 359 512 592 313 512 592 313 512 707 359
512 706 359 512 592 313 512 592 313 512 706 359
512 706 358 512 592 313 512 592 313 512 706 358
512 706 358 512 593 312 512 593 312 512 706 358
512 706 358 512 593 312 512 593 312 512 706 358
512 706 358 512 593 312 512 593 312 512 706 358
512 706 358 512 593 312 512 593 312 512 706 358
512 706 357 512 594 312 512 594 312 512 706 357
512 706 357 512 594 312 512 594 312 512 706 357
512 706 357 512 594 312 512 594 312 512 706 357
512 706 357 512 594 312 512 594 312 512 706 357
512 706 356 512 595 312 512 595 312 512 706 356
512 706 356 512 595 312 512 595 312 512 706 356
512 706 356 512 595 312 512 595 312 512 706 356
512 706 356 512 595 311 512 595 311 512 706 356
512 706 355 512 596 311 512 596 311 512 706 355
512 706 355 512 596 311 512 596 311 512 706 355
512 705 355 512 596 311 512 596 311 512 705 355
512 705 355 512 596 311 512 596 311 512 705 355
512 705 354 512 597 311 512 597 311 512 705 354
512 705 354 512 597 311 512 597 311 512 705 354
512 705 354 512 597 311 512 597 311 512 705 354
512 705 354 512 597 311 512 597 311 512 705 354
512 705 353 512 598 311 512 598 311 512 705 353
512 705 353 512 598 311 512 598 311 512 705 353
512 705 353 512 598 310 512 598 310 512 705 353
512 705 352 512 598 310 512 598 310 512 705 352
512 705 352 512 599 310 512 599 310 512 705 352
512 705 352 512 599 310 512 599 310 512 705 352
512 705 352 512 599 310 512 599 310 512 705 352
512 705 351 512 599 310 512 599 310 512 705 351
512 705 351 512 600 310 512 600 310 512 705 351
512 705 351 512 600 310 512 600 310 512 705 351
512 705 350 512 600 310 512 600 310 512 705 350
512 705 350 512 600 310 512 600 310 512 705 350
512 705 350 512 601 310 512 601 310 512 705 350
512 705 349 512 601 309 512 601 309 512 705 349
512 705 349 512 601 309 512 601 309 512 705 349
512 705 349 512 601 309 512 601 309 512 705 349
512 705 349 512 602 309 512 602 309 512 705 349
512 705 348 512 602 309 512 602 309 512 705 348
512 705 348 512 602 309 512 602 309 512 705 348
512 705 348 512 602 309 512 602 309 512 705 348
512 705 347 512 603 309 512 603 309 512 705 347
512 704 347 512 603 309 512 603 309 512 704 347
512 704 347 512 603 309 512 603 309 512 704 347
512 704 347 512 603 309 512 603 309 512 704 347
512 704 346 512 604 309 512 604 309 512 704 346
512 704 346 512 604 309 512 604 309 512 704 346
512 704 346 512 604 309 512 604 309 512 704 346
512 704 345 512 604 309 512 604 309 512 704 345
512 704 345 512 605 308 512 605 308 512 704 345
512 704 345 512 605 308 512 605 308 512 704 345
512 704 345 512 605 308 512 605 308 512 704 345
512 704 344 512 605 308 512 605 308 512 704 344
512 704 344 512 605 308 512 605 308 512 704 344
512 704 344 512 606 308 512 606 308 512 704 344
512 704 344 512 606 308 512 606 308 512 704 344
512 704 343 512 606 308 512 606 308 512 704 343
512 704 343 512 606 308 512 606 308 512 704 343
512 704 343 512 607 308 512 607 308 512 704 343
512 704 343 512 607 308 512 607 308 512 704 343
512 704 342 512 607 308 512 607 308 512 704 342
512 704 342 512 607 308 512 607 308 512 704 342
512 704 342 512 607 308 512 607 308 512 704 342
512 704 342 512 608 308 512 608 308 512 704 342
512 704 341 512 608 308 512 608 308 512 704 341
512 704 341 512 608 308 512 608 308 512 704 341
512 704 341 512 608 308 512 608 308 512 704 341
512 704 341 512 608 307 512 608 307 512 704 341
512 704 341 512 609 307 512 609 307 512 704 341
512 704 340 512 609 307 512 609 307 512 704 340
512 703 340 512 609 307 512 609 307 512 703 340
512 703 340 512 609 307 512 609 307 512 703 340
512 703 340 512 609 307 512 609 307 512 703 340
512 703 339 512 610 307 512 610 307 512 703 339
512 703 339 512 610 307 512 610 307 512 703 339
512 703 339 512 610 307 512 610 307 512 703 339
512 703 339 512 610 307 512 610 307 512 703 339
512 703 339 512 610 307 512 610 307 512 703 339
512 703 338 512 610 307 512 610 307 512 703 338
512 703 338 512 611 307 512 611 307 512 703 338
512 703 338 512 611 307 512 611 307 512 703 338
512 703 338 512 611 307 512 611 307 512 703 338
512 703 338 512 611 307 512 611 307 512 703 338
512 703 337 512 611 307 512 611 307 512 703 337
512 703 337 512 611 307 512 611 307 512 703 337
512 703 337 512 612 307 512 612 307 512 703 337
512 703 337 512 612 307 512 612 307 512 703 337
512 703 337 512 612 307 512 612 307 512 703 337
512 703 337 512 612 307 512 612 307 512 703 337
512 703 336 512 612 307 512 612 307 512 703 336
512 703 336 512 612 307 512 612 307 512 703 336
512 703 336 512 613 307 512 613 307 512 703 336
512 703 336 512 613 307 512 613 307 512 703 336
512 703 336 512 613 307 512 613 307 512 703 336
512 703 335 512 613 307 512 613 307 512 703 335
512 703 335 512 613 307 512 613 307 512 703 335
512 703 335 512 613 307 512 613 307 512 703 335
512 703 335 512 613 307 512 613 307 512 703 335
512 703 335 512 614 306 512 614 306 512 703 335
512 702 335 512 614 306 512 614 306 512 702 335
512 702 335 512 614 306 512 614 306 512 702 335
512 702 334 512 614 306 512 614 306 512 702 334
512 702 334 512 614 306 512 614 306 512 702 334
512 702 334 512 614 306 512 614 306 512 702 334
512 702 334 512 614 306 512 614 306 512 702 334
512 702 334 512 615 306 512 615 306 512 702 334
512 702 334 512 615 306 512 615 306 512 702 334
512 702 333 512 615 306 512 615 306 512 702 333
512 702 333 512 615 306 512 615 306 512 702 333
512 702 333 512 615 306 512 615 306 512 702 333
512 702 333 512 615 306 512 615 306 512 702 333
512 702 333 512 615 306 512 615 306 512 702 333
512 702 333 512 615 306 512 615 306 512 702 333
512 702 333 512 616 306 512 616 306 512 702 333
512 702 333 512 616 306 512 616 306 512 702 333
512 702 332 512 616 306 512 616 306 512 702 332
512 702 332 512 616 306 512 616 306 512 702 332
512 702 332 512 616 306 512 616 306 512 702 332
512 702 332 512 616 306 512 616 306 512 702 332
512 702 332 512 616 306 512 616 306 512 702 332
512 702 332 512 616 306 512 616 306 512 702 332
512 702 332 512 616 306 512 616 306 512 702 332
512 702 332 512 617 306 512 617 306 512 702 332
512 702 331 512 617 306 512 617 306 512 702 331
512 702 331 512 617 306 512 617 306 512 702 331
512 702 331 512 617 306 512 617 306 512 702 331
512 702 331 512 617 306 512 617 306 512 702 331
512 702 331 512 617 306 512 617 306 512 702 331
512 702 331 512 617 306 512 617 306 512 702 331
512 702 331 512 617 306 512 617 306 512 702 331
512 702 331 512 617 306 512 617 306 512 702 331
512 702 331 512 617 306 512 617 306 512 702 331
512 701 330 512 618 306 512 618 306 512 701 330
512 701 330 512 618 306 512 618 306 512 701 330
512 701 330 512 618 306 512 618 306 512 701 330
512 701 330 512 618 306 512 618 306 512 701 330
512 701 330 512 618 306 512 618 306 512 701 330
512 701 330 512 618 306 512 618 306 512 701 330
512 701 330 512 618 306 512 618 306 512 701 330
512 701 330 512 618 306 512 618 306 512 701 330
512 701 330 512 618 306 512 618 306 512 701 330
512 701 330 512 618 306 512 618 306 512 701 330
512 701 330 512 618 306 512 618 306 512 701 330
512 701 329 512 619 306 512 619 306 512 701 329
512 701 329 512 619 306 512 619 306 512 701 329
512 701 329 512 619 306 512 619 306 512 701 329
512 701 329 512 619 306 512 619 306 512 701 329
512 701 329 512 619 306 512 619 306 512 701 329
512 701 329 512 619 306 512 619 306 512 701 329
512 701 329 512 619 306 512 619 306 512 701 329
512 701 329 512 619 306 512 619 306 512 701 329
512 701 329 512 619 306 512 619 306 512 701 329
512 701 329 512 619 306 512 619 306 512 701 329
512 701 329 512 619 306 512 619 306 512 701 329
512 701 329 512 619 306 512 619 306 512 701 329
512 701 328 512 619 306 512 619 306 512 701 328
512 701 328 512 619 306 512 619 306 512 701 328
512 701 328 512 620 306 512 620 306 512 701 328
512 701 328 512 620 306 512 620 306 512 701 328
512 701 328 512 620 306 512 620 306 512 701 328
512 701 328 512 620 306 512 620 306 512 701 328
512 701 328 512 620 306 512 620 306 512 701 328
512 701 328 512 620 306 512 620 306 512 701 328
512 701 328 512 620 306 512 620 306 512 701 328
512 701 328 512 620 306 512 620 306 512 701 328
512 701 328 512 620 306 512 620 306 512 701 328
512 701 328 512 620 306 512 620 306 512 701 328
512 700 328 512 620 306 512 620 306 512 700 328
512 700 328 512 620 306 512 620 306 512 700 328
512 700 328 512 620 306 512 620 306 512 700 328
512 700 329 512 620 306 512 620 306 512 700 329
512 700 329 512 620 306 512 620 306 512 700 329
512 699 329 512 620 306 512 620 306 512 699 329
512 699 329 512 621 306 512 621 306 512 699 329
512 699 329 512 621 306 512 621 306 512 699 329
512 699 330 512 621 306 512 621 306 512 699 330
512 699 330 512 621 306 512 621 306 512 699 330
512 698 330 512 621 306 512 621 306 512 698 330
512 698 331 512 621 306 512 621 306 512 698 331
512 698 331 512 621 306 512 621 306 512 698 331
512 697 331 512 621 306 512 621 306 512 697 331
512 697 332 512 621 306 512 621 306 512 697 332
512 697 332 512 621 306 512 621 306 512 697 332
512 697 332 512 621 306 512 621 306 512 697 332
512 696 333 512 621 306 512 621 306 512 696 333
512 696 333 512 621 306 512 621 306 512 696 333
512 695 334 512 621 306 512 621 306 512 695 334
512 695 334 512 621 306 512 621 306 512 695 334
512 695 335 512 621 306 512 621 306 512 695 335
512 694 335 512 622 306 512 622 306 512 694 335
512 694 336 512 622 306 512 622 306 512 694 336
512 693 336 512 622 306 512 622 306 512 693 336
512 693 337 512 622 306 512 622 306 512 693 337
512 692 338 512 622 306 512 622 306 512 692 338
512 692 338 512 622 306 512 622 306 512 692 338
512 691 339 512 622 306 512 622 306 512 691 339
512 691 340 512 622 306 512 622 306 512 691 340
512 690 341 512 622 306 512 622 306 512 690 341
512 690 341 512 622 306 512 622 306 512 690 341
512 689 342 512 622 306 512 622 306 512 689 342
512 688 343 512 622 306 512 622 306 512 688 343
512 688 344 512 622 306 512 622 306 512 688 344
512 687 345 512 622 306 512 622 306 512 687 345
512 686 346 512 622 306 512 622 306 512 686 346
512 685 347 512 623 306 512 623 306 512 685 347
512 685 348 512 623 306 512 623 306 512 685 348
512 684 349 512 623 306 512 623 306 512 684 349
512 683 351 512 623 306 512 623 306 512 683 351
512 682 352 512 623 306 512 623 306 512 682 352
512 681 353 512 623 306 512 623 306 512 681 353
512 680 355 512 623 306 512 623 306 512 680 355
512 679 356 512 623 306 512 623 306 512 679 356
512 678 358 512 623 306 512 623 306 512 678 358
512 677 359 512 623 306 512 623 306 512 677 359
512 676 361 512 623 306 512 623 306 512 676 361
512 675 363 512 623 306 512 623 306 512 675 363
512 673 364 512 623 306 512 623 306 512 673 364
512 672 366 512 623 306 512 623 306 512 672 366
512 671 368 512 624 306 512 624 306 512 671 368
512 669 370 512 624 306 512 624 306 512 669 370
512 668 373 512 624 306 512 624 306 512 668 373
512 666 375 512 624 306 512 624 306 512 666 375
512 665 377 512 624 306 512 624 306 512 665 377
512 663 380 512 624 305 512 624 305 512 663 380
512 663 379 512 625 303 512 625 303 512 663 379
512 663 379 512 627 301 512 627 301 512 663 379
512 663 379 512 628 299 512 628 299 512 663 379
512 663 379 512 629 297 512 629 297 512 663 379
512 663 379 512 631 295 512 631 295 512 663 379
512 663 378 512 632 292 512 632 292 512 663 378
512 663 378 512 633 290 512 633 290 512 663 378
512 663 378 512 635 288 512 635 288 512 663 378
512 664 378 512 636 285 512 636 285 512 664 378
512 664 377 512 638 283 512 638 283 512 664 377
512 664 377 512 639 280 512 639 280 512 664 377
512 664 377 512 641 278 512 641 278 512 664 377
512 664 377 512 642 275 512 642 275 512 664 377
512 664 377 512 644 272 512 644 272 512 664 377
512 664 376 512 646 270 512 646 270 512 664 376
512 664 375 512 648 267 512 648 267 512 664 375
512 664 374 512 650 264 512 650 264 512 664 374
512 664 373 512 652 261 512 652 261 512 664 373
512 664 372 512 654 258 512 654 258 512 664 372
512 664 371 512 656 257 512 656 257 512 664 371
512 664 370 512 658 255 512 658 255 512 664 370
512 665 369 512 659 254 512 659 254 512 665 369
512 665 367 512 661 252 512 661 252 512 665 367
512 665 366 512 662 251 512 662 251 512 665 366
512 665 365 512 664 250 512 664 250 512 665 365
512 665 363 512 665 249 512 665 249 512 665 363
512 665 362 512 667 248 512 667 248 512 665 362
512 665 360 512 668 247 512 668 247 512 665 360
512 665 359 512 670 247 512 670 247 512 665 359
512 665 357 512 671 246 512 671 246 512 665 357
512 665 356 512 673 245 512 673 245 512 665 356
512 665 354 512 674 245 512 674 245 512 665 354
512 665 352 512 676 244 512 676 244 512 665 352
512 665 351 512 677 244 512 677 244 512 665 351
512 665 349 512 679 243 512 679 243 512 665 349
512 664 347 512 680 243 512 680 243 512 664 347
512 664 345 512 682 243 512 682 243 512 664 345
512 664 344 512 684 243 512 684 243 512 664 344
512 664 342 512 685 243 512 685 243 512 664 342
512 663 340 512 687 243 512 687 243 512 663 340
512 663 338 512 688 243 512 688 243 512 663 338
512 663 337 512 690 243 512 690 243 512 663 337
512 662 335 512 692 243 512 692 243 512 662 335
512 662 333 512 693 244 512 693 244 512 662 333
512 661 331 512 695 244 512 695 244 512 661 331
512 660 330 512 696 245 512 696 245 512 660 330
512 660 328 512 698 245 512 698 245 512 660 328
512 659 326 512 700 246 512 700 246 512 659 326
512 658 324 512 701 247 512 701 247 512 658 324
512 657 323 512 703 248 512 703 248 512 657 323
512 656 321 512 704 249 512 704 249 512 656 321
512 655 320 512 706 251 512 706 251 512 655 320
512 653 318 512 707 252 512 707 252 512 653 318
512 652 316 512 709 254 512 709 254 512 652 316
512 650 315 512 710 256 512 710 256 512 650 315
512 649 314 512 712 258 512 712 258 512 649 314
512 647 312 512 713 260 512 713 260 512 647 312
512 645 311 512 714 262 512 714 262 512 645 311
512 643 310 512 716 265 512 716 265 512 643 310
512 641 309 512 717 268 512 717 268 512 641 309
512 639 308 512 718 271 512 718 271 512 639 308
512 636 307 512 719 274 512 719 274 512 636 307
512 634 307 512 720 278 512 720 278 512 634 307
512 631 306 512 720 282 512 720 282 512 631 306
512 628 306 512 721 286 512 721 286 512 628 306
512 625 306 512 721 291 512 721 291 512 625 306
512 623 306 512 721 294 512 721 294 512 623 306
512 621 306 512 722 297 512 722 297 512 621 306
512 619 306 512 722 299 512 722 299 512 619 306
512 618 306 512 722 302 512 722 302 512 618 306
512 616 306 512 721 304 512 721 304 512 616 306
512 615 306 512 721 306 512 721 306 512 615 306
512 613 307 512 721 309 512 721 309 512 613 307
512 612 307 512 721 311 512 721 311 512 612 307
512 610 307 512 721 313 512 721 313 512 610 307
512 609 307 512 720 315 512 720 315 512 609 307
512 608 308 512 720 318 512 720 318 512 608 308
512 607 308 512 720 320 512 720 320 512 607 308
512 606 308 512 720 322 512 720 322 512 606 308
512 605 308 512 719 324 512 719 324 512 605 308
512 603 309 512 719 325 512 719 325 512 603 309
512 603 309 512 719 327 512 719 327 512 603 309
512 602 309 512 718 329 512 718 329 512 602 309
512 601 310 512 718 331 512 718 331 512 601 310
512 600 310 512 718 332 512 718 332 512 600 310
512 599 310 512 717 334 512 717 334 512 599 310
512 598 310 512 717 336 512 717 336 512 598 310
512 598 311 512 716 337 512 716 337 512 598 311
512 597 311 512 716 339 512 716 339 512 597 311
512 596 311 512 716 340 512 716 340 512 596 311
512 596 311 512 715 341 512 715 341 512 596 311
512 595 312 512 715 342 512 715 342 512 595 312
512 594 312 512 715 344 512 715 344 512 594 312
512 594 312 512 714 345 512 714 345 512 594 312
512 594 312 512 714 346 512 714 346 512 594 312
512 593 312 512 714 347 512 714 347 512 593 312
512 593 312 512 713 348 512 713 348 512 593 312
512 592 313 512 713 349 512 713 349 512 592 313
512 592 313 512 713 350 512 713 350 512 592 313
512 592 313 512 712 351 512 712 351 512 592 313
512 591 313 512 712 351 512 712 351 512 591 313
512 591 313 512 712 352 512 712 352 512 591 313
512 591 313 512 711 353 512 711 353 512 591 313
512 591 313 512 711 353 512 711 353 512 591 313
512 591 313 512 711 354 512 711 354 512 591 313
512 590 313 512 711 355 512 711 355 512 590 313
512 590 313 512 710 355 512 710 355 512 590 313
512 590 313 512 710 356 512 710 356 512 590 313
512 590 313 512 710 356 512 710 356 512 590 313
512 590 314 512 710 357 512 710 357 512 590 314
512 590 314 512 710 357 512 710 357 512 590 314
512 590 314 512 709 357 512 709 357 512 590 314
512 590 314 512 709 358 512 709 358 512 590 314
512 590 314 512 709 358 512 709 358 512 590 314
512 590 314 512 709 358 512 709 358 512 590 314
512 590 314 512 709 358 512 709 358 512 590 314
512 590 314 512 708 359 512 708 359 512 590 314
512 590 314 512 708 359 512 708 359 512 590 314
512 590 313 512 708 359 512 708 359 512 590 313
512 590 313 512 708 359 512 708 359 512 590 313
512 590 313 512 708 359 512 708 359 512 590 313
512 590 313 512 708 359 512 708 359 512 590 313
512 590 313 512 708 359 512 708 359 512 590 313
512 591 313 512 708 359 512 708 359 512 591 313
512 591 313 512 707 359 512 707 359 512 591 313
512 591 313 512 707 359 512 707 359 512 591 313
512 591 313 512 707 359 512 707 359 512 591 313
512 591 313 512 707 359 512 707 359 512 591 313
512 591 313 512 707 359 512 707 359 512 591 313
512 591 313 512 707 359 512 707 359 512 591 313
512 592 313 512 707 359 512 707 359 512 592 313
512 592 313 512 707 359 512 707 359 512 592 313
512 592 313 512 707 359 512 707 359 512 592 313
512 592 313 512 707 358 512 707 358 512 592 313
512 592 313 512 706 358 512 706 358 512 592 313
512 593 312 512 706 358 512 706 358 512 593 312
512 593 312 512 706 358 512 706 358 512 593 312
512 593 312 512 706 358 512 706 358 512 593 312
512 593 312 512 706 357 512 706 357 512 593 312
512 594 312 512 706 357 512 706 357 512 594 312
512 594 312 512 706 357 512 706 357 512 594 312
512 594 312 512 706 357 512 706 357 512 594 312
512 594 312 512 706 357 512 706 357 512 594 312
512 594 312 512 706 356 512 706 356 512 594 312
512 595 312 512 706 356 512 706 356 512 595 312
512 595 312 512 706 356 512 706 356 512 595 312
512 595 311 512 706 356 512 706 356 512 595 311
512 595 311 512 706 355 512 706 355 512 595 311
512 596 311 512 706 355 512 706 355 512 596 311
512 596 311 512 706 355 512 706 355 512 596 311
512 596 311 512 706 355 512 706 355 512 596 311
512 596 311 512 706 354 512 706 354 512 596 311
512 597 311 512 705 354 512 705 354 512 597 311
512 597 311 512 705 354 512 705 354 512 597 311
512 597 311 512 705 353 512 705 353 512 597 311
512 598 311 512 705 353 512 705 353 512 598 311
512 598 311 512 705 353 512 705 353 512 598 311
512 598 310 512 705 353 512 705 353 512 598 310
512 598 310 512 705 352 512 705 352 512 598 310
512 599 310 512 705 352 512 705 352 512 599 310
512 599 310 512 705 352 512 705 352 512 599 310
512 599 310 512 705 351 512 705 351 512 599 310
512 599 310 512 705 351 512 705 351 512 599 310
512 600 310 512 705 351 512 705 351 512 600 310
512 600 310 512 705 351 512 705 351 512 600 310
512 600 310 512 705 350 512 705 350 512 600 310
512 600 310 512 705 350 512 705 350 512 600 310
512 601 310 512 705 350 512 705 350 512 601 310
512 601 310 512 705 349 512 705 349 512 601 310
512 601 309 512 705 349 512 705 349 512 601 309
512 601 309 512 705 349 512 705 349 512 601 309
512 602 309 512 705 349 512 705 349 512 602 309
512 602 309 512 705 348 512 705 348 512 602 309
512 602 309 512 705 348 512 705 348 512 602 309
512 602 309 512 705 348 512 705 348 512 602 309
512 603 309 512 705 347 512 705 347 512 603 309
512 603 309 512 705 347 512 705 347 512 603 309
512 603 309 512 705 347 512 705 347 512 603 309
512 603 309 512 704 347 512 704 347 512 603 309
512 604 309 512 704 346 512 704 346 512 604 309
512 604 309 512 704 346 512 704 346 512 604 309
512 604 309 512 704 346 512 704 346 512 604 309
512 604 309 512 704 345 512 704 345 512 604 309
512 604 308 512 704 345 512 704 345 512 604 308
512 605 308 512 704 345 512 704 345 512 605 308
512 605 308 512 704 345 512 704 345 512 605 308
512 605 308 512 704 344 512 704 344 512 605 308
512 605 308 512 704 344 512 704 344 512 605 308
512 606 308 512 704 344 512 704 344 512 606 308
512 606 308 512 704 344 512 704 344 512 606 308
512 606 308 512 704 343 512 704 343 512 606 308
512 606 308 512 704 343 512 704 343 512 606 308
512 607 308 512 704 343 512 704 343 512 607 308
512 607 308 512 704 343 512 704 343 512 607 308
512 607 308 512 704 342 512 704 342 512 607 308
512 607 308 512 704 342 512 704 342 512 607 308
512 607 308 512 704 342 512 704 342 512 607 308
512 608 308 512 704 342 512 704 342 512 608 308
512 608 308 512 704 341 512 704 341 512 608 308
512 608 308 512 704 341 512 704 341 512 608 308
512 608 308 512 704 341 512 704 341 512 608 308
512 608 307 512 704 341 512 704 341 512 608 307
512 609 307 512 704 341 512 704 341 512 609 307
512 609 307 512 704 340 512 704 340 512 609 307
512 609 307 512 704 340 512 704 340 512 609 307
512 609 307 512 704 340 512 704 340 512 609 307
512 609 307 512 703 340 512 703 340 512 609 307
512 610 307 512 703 339 512 703 339 512 610 307
512 610 307 512 703 339 512 703 339 512 610 307
512 610 307 512 703 339 512 703 339 512 610 307
512 610 307 512 703 339 512 703 339 512 610 307
512 610 307 512 703 339 512 703 339 512 610 307
512 610 307 512 703 338 512 703 338 512 610 307
512 611 307 512 703 338 512 703 338 512 611 307
512 611 307 512 703 338 512 703 338 512 611 307
512 611 307 512 703 338 512 703 338 512 611 307
512 611 307 512 703 338 512 703 338 512 611 307
512 611 307 512 703 337 512 703 337 512 611 307
512 611 307 512 703 337 512 703 337 512 611 307
512 612 307 512 703 337 512 703 337 512 612 307
512 612 307 512 703 337 512 703 337 512 612 307
512 612 307 512 703 337 512 703 337 512 612 307
512 612 307 512 703 336 512 703 336 512 612 307
512 612 307 512 703 336 512 703 336 512 612 307
512 612 307 512 703 336 512 703 336 512 612 307
512 613 307 512 703 336 512 703 336 512 613 307
512 613 307 512 703 336 512 703 336 512 613 307
512 613 307 512 703 336 512 703 336 512 613 307
512 613 307 512 703 335 512 703 335 512 613 307
512 613 307 512 703 335 512 703 335 512 613 307
512 613 307 512 703 335 512 703 335 512 613 307
512 613 307 512 703 335 512 703 335 512 613 307
512 614 307 512 703 335 512 703 335 512 614 307
512 614 306 512 703 335 512 703 335 512 614 306
512 614 306 512 702 335 512 702 335 512 614 306
512 614 306 512 702 334 512 702 334 512 614 306
512 614 306 512 702 334 512 702 334 512 614 306
512 614 306 512 702 334 512 702 334 512 614 306
512 614 306 512 702 334 512 702 334 512 614 306
512 615 306 512 702 334 512 702 334 512 615 306
512 615 306 512 702 334 512 702 334 512 615 306
512 615 306 512 702 333 512 702 333 512 615 306
512 615 306 512 702 333 512 702 333 512 615 306
512 615 306 512 702 333 512 702 333 512 615 306
512 615 306 512 702 333 512 702 333 512 615 306
512 615 306 512 702 333 512 702 333 512 615 306
512 615 306 512 702 333 512 702 333 512 615 306
512 616 306 512 702 333 512 702 333 512 616 306
512 616 306 512 702 333 512 702 333 512 616 306
512 616 306 512 702 332 512 702 332 512 616 306
512 616 306 512 702 332 512 702 332 512 616 306
512 616 306 512 702 332 512 702 332 512 616 306
512 616 306 512 702 332 512 702 332 512 616 306
512 616 306 512 702 332 512 702 332 512 616 306
512 616 306 512 702 332 512 702 332 512 616 306
512 616 306 512 702 332 512 702 332 512 616 306
512 617 306 512 702 332 512 702 332 512 617 306
512 617 306 512 702 331 512 702 331 512 617 306
512 617 306 512 702 331 512 702 331 512 617 306
512 617 306 512 702 331 512 702 331 512 617 306
512 617 306 512 702 331 512 702 331 512 617 306
512 617 306 512 702 331 512 702 331 512 617 306
512 617 306 512 702 331 512 702 331 512 617 306
512 617 306 512 702 331 512 702 331 512 617 306
512 617 306 512 702 331 512 702 331 512 617 306
512 617 306 512 702 331 512 702 331 512 617 306
512 618 306 512 702 330 512 702 330 512 618 306
512 618 306 512 701 330 512 701 330 512 618 306
512 618 306 512 701 330 512 701 330 512 618 306
512 618 306 512 701 330 512 701 330 512 618 306
512 618 306 512 701 330 512 701 330 512 618 306
512 618 306 512 701 330 512 701 330 512 618 306
512 618 306 512 701 330 512 701 330 512 618 306
512 618 306 512 701 330 512 701 330 512 618 306
512 618 306 512 701 330 512 701 330 512 618 306
512 618 306 512 701 330 512 701 330 512 618 306
512 618 306 512 701 330 512 701 330 512 618 306
512 618 306 512 701 329 512 701 329 512 618 306
512 619 306 512 701 329 512 701 329 512 619 306
512 619 306 512 701 329 512 701 329 512 619 306
512 619 306 512 701 329 512 701 329 512 619 306
512 619 306 512 701 329 512 701 329 512 619 306
512 619 306 512 701 329 512 701 329 512 619 306
512 619 306 512 701 329 512 701 329 512 619 306
512 619 306 512 701 329 512 701 329 512 619 306
512 619 306 512 701 329 512 701 329 512 619 306
512 619 306 512 701 329 512 701 329 512 619 306
512 619 306 512 701 329 512 701 329 512 619 306
512 619 306 512 701 329 512 701 329 512 619 306
512 619 306 512 701 328 512 701 328 512 619 306
512 619 306 512 701 328 512 701 328 512 619 306
512 620 306 512 701 328 512 701 328 512 620 306
512 620 306 512 701 328 512 701 328 512 620 306
512 620 306 512 701 328 512 701 328 512 620 306
512 620 306 512 701 328 512 701 328 512 620 306
512 620 306 512 701 328 512 701 328 512 620 306
512 620 306 512 701 328 512 701 328 512 620 306
512 620 306 512 701 328 512 701 328 512 620 306
512 620 306 512 701 328 512 701 328 512 620 306
512 620 306 512 701 328 512 701 328 512 620 306
512 620 306 512 701 328 512 701 328 512 620 306
512 620 306 512 700 328 512 700 328 512 620 306
512 620 306 512 700 328 512 700 328 512 620 306
512 620 306 512 700 328 512 700 328 512 620 306
512 620 306 512 700 328 512 700 328 512 620 306
512 620 306 512 700 329 512 700 329 512 620 306
512 620 306 512 700 329 512 700 329 512 620 306
512 621 306 512 699 329 512 699 329 512 621 306
512 621 306 512 699 329 512 699 329 512 621 306
512 621 306 512 699 329 512 699 329 512 621 306
512 621 306 512 699 330 512 699 330 512 621 306
512 621 306 512 698 330 512 698 330 512 621 306
512 621 306 512 698 330 512 698 330 512 621 306
512 621 306 512 698 331 512 698 331 512 621 306
512 621 306 512 698 331 512 698 331 512 621 306
512 621 306 512 697 331 512 697 331 512 621 306
512 621 306 512 697 332 512 697 332 512 621 306
512 621 306 512 697 332 512 697 332 512 621 306
512 621 306 512 696 332 512 696 332 512 621 306
512 621 306 512 696 333 512 696 333 512 621 306
512 621 306 512 696 333 512 696 333 512 621 306
512 621 306 512 695 334 512 695 334 512 621 306
512 621 306 512 695 334 512 695 334 512 621 306
512 622 306 512 694 335 512 694 335 512 622 306
512 622 306 512 694 335 512 694 335 512 622 306
512 622 306 512 694 336 512 694 336 512 622 306
512 622 306 512 693 337 512 693 337 512 622 306
512 622 306 512 693 337 512 693 337 512 622 306
512 622 306 512 692 338 512 692 338 512 622 306
512 622 306 512 692 339 512 692 339 512 622 306
512 622 306 512 691 339 512 691 339 512 622 306
512 622 306 512 691 340 512 691 340 512 622 306
512 622 306 512 690 341 512 690 341 512 622 306
512 622 306 512 689 342 512 689 342 512 622 306
512 622 306 512 689 343 512 689 343 512 622 306
512 622 306 512 688 343 512 688 343 512 622 306
512 622 306 512 687 344 512 687 344 512 622 306
512 622 306 512 687 345 512 687 345 512 622 306
512 622 306 512 686 346 512 686 346 512 622 306
512 623 306 512 685 347 512 685 347 512 623 306
512 623 306 512 684 349 512 684 349 512 623 306
512 623 306 512 683 350 512 683 350 512 623 306
512 623 306 512 683 351 512 683 351 512 623 306
512 623 306 512 682 352 512 682 352 512 623 306
512 623 306 512 681 354 512 681 354 512 623 306
512 623 306 512 680 355 512 680 355 512 623 306
512 623 306 512 679 357 512 679 357 512 623 306
512 623 306 512 678 358 512 678 358 512 623 306
512 623 306 512 677 360 512 677 360 512 623 306
512 623 306 512 675 361 512 675 361 512 623 306
512 623 306 512 674 363 512 674 363 512 623 306
512 623 306 512 673 365 512 673 365 512 623 306
512 624 306 512 672 367 512 672 367 512 624 306
512 624 306 512 670 369 512 670 369 512 624 306
512 624 306 512 669 371 512 669 371 512 624 306
512 624 306 512 667 373 512 667 373 512 624 306
512 624 306 512 666 376 512 666 376 512 624 306
512 624 306 512 664 378 512 664 378 512 624 306
512 625 305 512 663 379 512 663 379 512 625 305
512 626 303 512 663 379 512 663 379 512 626 303
512 627 301 512 663 379 512 663 379 512 627 301
512 628 298 512 663 379 512 663 379 512 628 298
512 630 296 512 663 379 512 663 379 512 630 296
512 631 294 512 663 378 512 663 378 512 631 294
